"Date","TY: 10Y TSY Future | Front | Roll: Exp | BNOC  of CTD Bond","TY: 10Y TSY Future | Front | Roll: Exp | Clean Price of CTD Bond","TY: 10Y TSY Future | Front | Roll: Exp | Impld RP of CTD Bond","TY: 10Y TSY Future | Front | Roll: Exp | Factor of CTD Bond","TY: 10Y TSY Future | Front | Roll: Exp | CTD Bond"
09-Jan-18,-0.00543,98.70312,1.36531,0.8006,21411.24
10-Jan-18,-0.01237,98.65625,1.39839,0.8006,21411.24
11-Jan-18,-0.03155,98.73438,1.4908,0.8006,21411.24
12-Jan-18,-0.02793,98.57812,1.48111,0.8006,21411.24
16-Jan-18,-0.03158,98.60938,1.50172,0.8006,21411.24
17-Jan-18,-0.01698,98.35938,1.42845,0.8006,21411.24
18-Jan-18,-0.00846,98.20312,1.38475,0.8006,21411.24
19-Jan-18,-0.03547,98.03125,1.53652,0.8006,21411.24
22-Jan-18,-0.02376,97.89062,1.47383,0.8006,21411.24
23-Jan-18,-0.01763,98.15625,1.44057,0.8006,21411.24
24-Jan-18,-0.02788,97.96875,1.50186,0.8006,21411.24
25-Jan-18,-0.01327,98.16797,1.41813,0.8006,21411.24
26-Jan-18,-0.01464,97.85938,1.43086,0.8006,21411.24
29-Jan-18,-0.01549,97.65625,1.43795,0.8006,21411.24
30-Jan-18,-0.01623,97.51562,1.4446,0.8006,21411.24
31-Jan-18,-0.02624,97.45312,1.51225,0.8006,21411.24
01-Feb-18,-0.00509,97.17188,1.45909,0.8006,21411.24
02-Feb-18,-0.0173,96.76562,1.54809,0.8006,21411.24
05-Feb-18,-0.00185,97.20312,1.43839,0.8006,21411.24
06-Feb-18,0.01325,97.39062,1.32759,0.8006,21411.24
07-Feb-18,-0.00365,96.98438,1.45249,0.8006,21411.24
08-Feb-18,-0.00764,96.89062,1.48385,0.8006,21411.24
09-Feb-18,-0.00656,97.10938,1.47876,0.8006,21411.24
12-Feb-18,0.00184,96.89062,1.40959,0.8006,21411.24
13-Feb-18,-0.02075,96.95312,1.60319,0.8006,21411.24
14-Feb-18,-0.01262,96.42188,1.53652,0.8006,21411.24
15-Feb-18,-0.01641,96.51562,1.57337,0.8006,21411.24
16-Feb-18,-0.01307,96.60938,1.5558,0.8006,21411.24
20-Feb-18,-0.01387,96.53125,1.56781,0.8006,21411.24
21-Feb-18,-0.02102,96.29688,1.64814,0.8006,21411.24
22-Feb-18,-0.00602,96.48438,1.49059,0.8006,21411.24
23-Feb-18,0.00124,96.73438,1.41019,0.8006,21411.24
26-Feb-18,0.00677,96.8125,1.34162,0.8006,21411.24
27-Feb-18,-0.00039,96.45312,1.42997,0.8006,21411.24
28-Feb-18,-0.02296,96.64062,1.72842,0.8006,21411.24
01-Mar-18,0.01083,97.10938,1.27729,0.8006,21411.24
02-Mar-18,-0.00095,96.76562,1.43958,0.8006,21411.24
05-Mar-18,0.00453,96.65625,1.35223,0.8006,21411.24
06-Mar-18,0.01002,96.67188,1.25656,0.8006,21411.24
07-Mar-18,0.00613,96.64062,1.31701,0.8006,21411.24
08-Mar-18,-0.02277,96.73438,1.84562,0.8006,21411.24
09-Mar-18,0.00309,96.64062,1.35782,0.8006,21411.24
12-Mar-18,-0.01958,96.76562,1.87684,0.8006,21411.24
13-Mar-18,-0.01723,96.82812,1.84881,0.8006,21411.24
14-Mar-18,-0.01803,97,1.89941,0.8006,21411.24
15-Mar-18,-0.02506,96.95312,2.13512,0.8006,21411.24
16-Mar-18,-0.04159,96.01562,2.97398,0.7939,21811.24
19-Mar-18,-0.00312,96.89062,1.55279,0.8006,21411.24
20-Mar-18,0.02698,99.60938,1.73009,0.8272,23402.25
21-Mar-18,0.01929,99.48438,1.75401,0.8272,23402.25
22-Mar-18,0.01142,99.9375,1.78101,0.8272,23402.25
23-Mar-18,0.01944,100.01562,1.74846,0.8272,23402.25
26-Mar-18,0.01496,99.89062,1.77374,0.8272,23402.25
27-Mar-18,0.0006,100.23438,1.82769,0.8272,23402.25
28-Mar-18,-0.00039,100.23438,1.81831,0.8272,23402.25
29-Mar-18,0.01826,100.4375,1.73752,0.8272,23402.25
02-Apr-18,-0.00363,100.51562,1.8291,0.8272,23402.25
03-Apr-18,0.01818,100.1875,1.73825,0.8272,23402.25
04-Apr-18,0.00374,100.15625,1.80488,0.8272,23402.25
05-Apr-18,0.00656,99.9375,1.79409,0.8272,23402.25
06-Apr-18,-0.00038,100.29688,1.82269,0.8272,23402.25
09-Apr-18,0.01384,100.21875,1.75804,0.8272,23402.25
10-Apr-18,0.02241,100.10938,1.71665,0.8272,23402.25
11-Apr-18,0.0059,100.15625,1.78492,0.8272,23402.25
12-Apr-18,0.00601,99.84375,1.78947,0.8272,23402.25
13-Apr-18,0.0159,99.85938,1.73937,0.8272,23402.25
16-Apr-18,0.00176,99.82812,1.81703,0.8272,23402.25
17-Apr-18,0.00858,99.90625,1.80056,0.8272,23402.25
18-Apr-18,0.00075,99.54688,1.84721,0.8272,23402.25
19-Apr-18,0.01052,99.29688,1.79574,0.8272,23402.25
20-Apr-18,0.03232,99.07812,1.68369,0.8272,23402.25
23-Apr-18,0.02927,98.89062,1.70723,0.8272,23402.25
24-Apr-18,0.03143,98.89062,1.69169,0.8272,23402.25
25-Apr-18,0.02246,98.67188,1.7472,0.8272,23402.25
26-Apr-18,-0.00614,98.84375,1.85534,0.8272,23402.25
27-Apr-18,0.00291,99,1.80242,0.8272,23402.25
30-Apr-18,0.01168,99.10938,1.74842,0.8272,23402.25
01-May-18,0.00155,98.89062,1.81031,0.8272,23402.25
02-May-18,-0.00261,99,1.83659,0.8272,23402.25
03-May-18,-0.0013,99.14062,1.82839,0.8272,23402.25
04-May-18,-0.00734,99.14062,1.86674,0.8272,23402.25
07-May-18,-0.01026,99.125,1.86963,0.8272,23402.25
08-May-18,0.00073,98.98438,1.84483,0.8272,23402.25
09-May-18,-0.00941,98.76562,1.9182,0.8272,23402.25
10-May-18,0.0149,98.89062,1.73991,0.8272,23402.25
11-May-18,0.00912,98.89062,1.77826,0.8272,23402.25
14-May-18,0.01546,98.76562,1.72552,0.8272,23402.25
15-May-18,0.01532,98.23438,1.72318,0.8272,23402.25
16-May-18,0.00679,98.17188,1.79245,0.8272,23402.25
17-May-18,0.01939,98.15625,1.68165,0.8272,23402.25
18-May-18,0.00571,98.40625,1.79677,0.8272,23402.25
21-May-18,0.00811,98.40625,1.77242,0.8272,23402.25
22-May-18,-0.01534,98.40625,2.00073,0.8272,23402.25
23-May-18,-0.01682,98.82812,2.01905,0.8272,23402.25
24-May-18,0.00466,98.9375,1.8019,0.8272,23402.25
25-May-18,0.0142,99.23438,1.68495,0.8272,23402.25
29-May-18,0.00588,100.35938,1.78011,0.8272,23402.25
30-May-18,-0.00687,99.82812,1.93479,0.8272,23402.25
31-May-18,0.00159,99.9375,1.82975,0.8272,23402.25
01-Jun-18,-0.01118,99.45312,2.01071,0.8272,23402.25
04-Jun-18,-0.00609,99.17188,1.94147,0.8272,23402.25
05-Jun-18,0.00031,99.34375,1.84516,0.8272,23402.25
06-Jun-18,0.0102,99.01562,1.68265,0.8272,23402.25
07-Jun-18,-0.00703,99.23438,2.0906,0.8272,23402.25
08-Jun-18,-0.00101,99.23438,1.99014,0.8272,23402.25
11-Jun-18,0.00513,99.10938,1.86115,0.8272,23402.25
12-Jun-18,0.01736,99.09375,1.57895,0.8272,23402.25
13-Jun-18,-0.00297,98.89062,2.04149,0.8272,23402.25
14-Jun-18,0.00846,99.09375,1.75223,0.8272,23402.25
15-Jun-18,-0.00772,99.1875,2.23264,0.8272,23402.25
18-Jun-18,-0.02089,99.1875,2.65197,0.8272,23402.25
19-Jun-18,-0.00935,99.39062,2.27304,0.8272,23402.25
20-Jun-18,-0.01714,99.9375,2.07228,0.8338,27805.25
21-Jun-18,-0.01905,100.14062,2.07976,0.8338,27805.25
22-Jun-18,-0.01752,100.10938,2.07619,0.8338,27805.25
25-Jun-18,-0.02752,100.26562,2.1149,0.8338,27805.25
26-Jun-18,-0.03059,100.23438,2.12789,0.8338,27805.25
27-Jun-18,-0.0242,100.5625,2.10394,0.8338,27805.25
28-Jun-18,-0.00961,100.40625,2.04776,0.8338,27805.25
29-Jun-18,-0.01848,100.39062,2.08513,0.8338,27805.25
02-Jul-18,-0.01922,100.29688,2.08907,0.8338,27805.25
03-Jul-18,-0.02169,100.48438,2.10118,0.8338,27805.25
05-Jul-18,-0.01441,100.4375,2.07131,0.8338,27805.25
06-Jul-18,-0.0073,100.51562,2.04217,0.8338,27805.25
09-Jul-18,-0.01098,100.32812,2.05909,0.8338,27805.25
10-Jul-18,-0.01168,100.23438,2.06291,0.8338,27805.25
11-Jul-18,-0.01651,100.42188,2.08561,0.8338,27805.25
12-Jul-18,0.00116,100.35938,2.00462,0.8338,27805.25
13-Jul-18,-0.02021,100.5,2.10746,0.8338,27805.25
16-Jul-18,-0.0185,100.34375,2.10058,0.8338,27805.25
17-Jul-18,-0.02422,100.29688,2.13026,0.8338,27805.25
18-Jul-18,-0.00121,100.26562,2.0161,0.8338,27805.25
19-Jul-18,-0.02182,100.4375,2.12129,0.8338,27805.25
20-Jul-18,-0.00543,100.1875,2.03899,0.8338,27805.25
23-Jul-18,-0.00969,99.76562,2.06276,0.8338,27805.25
24-Jul-18,-0.00981,99.82812,2.06421,0.8338,27805.25
25-Jul-18,-0.00729,99.90625,2.05088,0.8338,27805.25
26-Jul-18,-0.01101,99.64062,2.07286,0.8338,27805.25
27-Jul-18,-0.00391,99.71875,2.03343,0.8338,27805.25
30-Jul-18,-0.01222,99.65625,2.08445,0.8338,27805.25
31-Jul-18,-0.00199,99.70312,2.02231,0.8338,27805.25
01-Aug-18,-0.0107,99.48438,2.07757,0.8338,27805.25
02-Aug-18,-0.01329,99.60938,2.09533,0.8338,27805.25
03-Aug-18,-0.00586,99.84375,2.04966,0.8338,27805.25
06-Aug-18,-0.01379,99.9375,2.10501,0.8338,27805.25
07-Aug-18,-0.00942,99.71875,2.07629,0.8338,27805.25
08-Aug-18,-0.03319,99.71875,2.24835,0.8338,27805.25
09-Aug-18,-0.00963,99.92188,2.0804,0.8338,27805.25
10-Aug-18,-0.03306,100.4375,2.26615,0.8338,27805.25
13-Aug-18,-0.02059,100.34375,2.1732,0.8338,27805.25
14-Aug-18,-0.01074,100.23438,2.09716,0.8338,27805.25
15-Aug-18,-0.01582,100.5,2.14104,0.8338,27805.25
16-Aug-18,-0.01124,100.35938,2.10543,0.8338,27805.25
17-Aug-18,-0.00717,100.34375,2.07553,0.8338,27805.25
20-Aug-18,-0.00445,100.65625,2.05159,0.8338,27805.25
21-Aug-18,0.00016,100.51562,2.00843,0.8338,27805.25
22-Aug-18,-0.01567,100.64062,2.16472,0.8338,27805.25
23-Aug-18,-0.01871,100.60938,2.20005,0.8338,27805.25
24-Aug-18,-0.00954,100.54688,2.11602,0.8338,27805.25
27-Aug-18,-0.00488,100.40625,2.06609,0.8338,27805.25
28-Aug-18,0.00232,100.20312,1.98235,0.8338,27805.25
29-Aug-18,-0.01109,100.1875,2.14646,0.8338,27805.25
30-Aug-18,0.00433,100.34375,1.95495,0.8338,27805.25
31-Aug-18,0.00287,100.4375,1.96747,0.8338,27805.25
04-Sep-18,0.01271,100.17188,1.81292,0.8338,27805.25
05-Sep-18,0.00453,100.1875,1.93664,0.8338,27805.25
06-Sep-18,0.00946,100.35938,1.84957,0.8338,27805.25
07-Sep-18,-0.00493,99.92188,2.10781,0.8338,27805.25
10-Sep-18,-0.01571,99.92188,2.34038,0.8338,27805.25
11-Sep-18,-0.01878,99.65625,2.43049,0.8338,27805.25
12-Sep-18,-0.03079,99.73438,2.71481,0.8338,27805.25
13-Sep-18,-0.01543,99.73438,2.37453,0.8338,27805.25
14-Sep-18,-0.01627,99.53125,2.5104,0.8338,27805.25
17-Sep-18,-0.02175,99.48438,2.7602,0.8338,27805.25
18-Sep-18,0.00406,99.23438,1.81781,0.8338,27805.25
19-Sep-18,-0.03077,98.20312,2.32042,0.8272,23408.25
20-Sep-18,-0.03929,98.21875,2.35236,0.8272,23408.25
21-Sep-18,-0.05195,98.26562,2.40385,0.8272,23408.25
24-Sep-18,-0.05414,99.01562,2.43203,0.8338,27807.25
25-Sep-18,-0.04069,98.09375,2.36525,0.8272,23408.25
26-Sep-18,-0.05171,98.3125,2.4089,0.8272,23408.25
27-Sep-18,-0.03161,98.34375,2.33284,0.8272,23408.25
28-Sep-18,-0.03698,98.35938,2.3584,0.8272,23408.25
01-Oct-18,-0.03997,99.04688,2.43064,0.8338,27807.25
02-Oct-18,-0.01605,98.39062,2.32581,0.8272,23408.25
03-Oct-18,-0.02722,97.8125,2.37355,0.8272,23408.25
04-Oct-18,-0.01763,98.39062,2.34374,0.8338,27807.25
05-Oct-18,-0.03766,97.42188,2.42715,0.8272,23408.25
09-Oct-18,-0.02684,97.54688,2.38042,0.8272,23408.25
10-Oct-18,-0.03646,97.48438,2.42572,0.8272,23408.25
11-Oct-18,-0.00957,98.82812,2.31332,0.8338,27807.25
12-Oct-18,-0.02854,98.76562,2.40429,0.8338,27807.25
15-Oct-18,-0.02762,98.60938,2.40185,0.8338,27807.25
16-Oct-18,-0.03104,98.65625,2.42008,0.8338,27807.25
17-Oct-18,-0.02742,98.51562,2.40456,0.8338,27807.25
18-Oct-18,-0.02551,98.59375,2.39677,0.8338,27807.25
19-Oct-18,-0.03703,98.42188,2.46223,0.8338,27807.25
22-Oct-18,-0.02744,98.46875,2.41441,0.8338,27807.25
23-Oct-18,-0.02763,98.6875,2.41723,0.8338,27807.25
24-Oct-18,-0.02757,98.98438,2.41864,0.8338,27807.25
25-Oct-18,-0.04198,98.89062,2.49996,0.8338,27807.25
26-Oct-18,-0.03063,99.3125,2.44501,0.8338,27807.25
29-Oct-18,-0.04238,99.23438,2.51624,0.8338,27807.25
30-Oct-18,-0.02302,99.10938,2.40607,0.8338,27807.25
31-Oct-18,-0.03414,98.01562,2.50801,0.8272,23408.25
01-Nov-18,-0.03875,98.92188,2.50728,0.8338,27807.25
02-Nov-18,-0.03499,97.6875,2.52909,0.8272,23408.25
05-Nov-18,-0.03279,97.76562,2.51841,0.8272,23408.25
06-Nov-18,-0.02046,97.65625,2.46892,0.8272,23408.25
07-Nov-18,-0.01597,98.4375,2.40932,0.8338,27807.25
08-Nov-18,-0.01755,98.26562,2.42266,0.8338,27807.25
09-Nov-18,-0.0317,98.53125,2.53928,0.8338,27807.25
13-Nov-18,-0.0268,98.85938,2.50593,0.8338,27807.25
14-Nov-18,-0.01954,98.26562,2.48475,0.8272,23408.25
15-Nov-18,-0.02301,98.3125,2.51615,0.8272,23408.25
16-Nov-18,-0.0217,98.59375,2.51748,0.8272,23408.25
19-Nov-18,-0.02716,98.70312,2.57013,0.8272,23408.25
20-Nov-18,-0.03342,98.73438,2.6327,0.8272,23408.25
21-Nov-18,-0.03455,98.64062,2.65973,0.8272,23408.25
23-Nov-18,-0.02278,98.6875,2.56587,0.8272,23408.25
26-Nov-18,-0.02785,99.35938,2.59406,0.8338,27807.25
27-Nov-18,-0.02588,98.65625,2.61426,0.8272,23408.25
28-Nov-18,-0.02992,99.5625,2.6349,0.8338,27807.25
29-Nov-18,-0.00913,98.8125,2.43654,0.8272,23408.25
30-Nov-18,0.0176,99.73438,2.0753,0.8338,27807.25
03-Dec-18,-0.0207,99.01562,2.60665,0.8272,23408.25
04-Dec-18,-0.02731,100.14062,2.68886,0.8338,27807.25
06-Dec-18,-0.02424,100.4375,2.70954,0.8338,27807.25
07-Dec-18,-0.03314,100.6875,2.88647,0.8338,27807.25
10-Dec-18,-0.03778,100.625,2.84149,0.8338,27807.25
11-Dec-18,-0.04403,100.42188,2.99476,0.8338,27807.25
12-Dec-18,-0.02416,100.29688,2.64932,0.8338,27807.25
13-Dec-18,-0.02054,100.29688,2.64172,0.8338,27807.25
14-Dec-18,-0.00152,100.45312,2.28087,0.8338,27807.25
17-Dec-18,-0.0127,100.65625,2.7381,0.8338,27807.25
18-Dec-18,-0.0031,100.85938,2.50362,0.8338,27807.25
19-Dec-18,-0.01182,101.92188,2.64201,0.8405,30010.25
20-Dec-18,-0.0543,101.78125,2.7947,0.8405,30009.25
21-Dec-18,-0.04714,101.76562,2.77476,0.8405,30010.25
24-Dec-18,-0.03987,102.07812,2.75014,0.8405,30009.25
26-Dec-18,-0.07571,101.73438,2.88988,0.8405,30010.25
27-Dec-18,-0.05463,102.17188,2.81053,0.8405,30010.25
28-Dec-18,-0.06214,102.23438,2.84681,0.8405,30009.25
31-Dec-18,-0.04286,102.57812,2.77361,0.8405,30009.25
02-Jan-19,-0.04151,102.73438,2.71982,0.8405,30009.25
03-Jan-19,-0.03745,103.54688,2.70382,0.8405,30009.25
04-Jan-19,-0.05907,102.82812,2.72392,0.8405,30010.25
07-Jan-19,-0.07224,102.60938,2.76507,0.8405,30010.25
08-Jan-19,-0.07275,102.35938,2.77207,0.8405,30010.25
09-Jan-19,-0.07658,102.32812,2.79342,0.8405,30010.25
10-Jan-19,-0.07042,102.32812,2.76911,0.8405,30009.25
11-Jan-19,-0.05948,102.53125,2.72985,0.8405,30009.25
14-Jan-19,-0.05024,102.5,2.68968,0.8405,30009.25
15-Jan-19,-0.049,102.5,2.68696,0.8405,30009.25
16-Jan-19,-0.03591,102.35938,2.62678,0.8405,30010.25
17-Jan-19,-0.04788,102.17188,2.68887,0.8405,30009.25
18-Jan-19,-0.04055,101.89062,2.66562,0.8405,30010.25
22-Jan-19,-0.05108,102.21875,2.72491,0.8405,30010.25
23-Jan-19,-0.03341,102.07812,2.63283,0.8405,30010.25
24-Jan-19,-0.03204,102.375,2.62716,0.8405,30009.25
25-Jan-19,-0.02179,102.09375,2.57681,0.8405,30009.25
28-Jan-19,-0.03657,102.15625,2.66634,0.8405,30009.25
29-Jan-19,-0.04004,102.39062,2.69097,0.8405,30010.25
30-Jan-19,-0.03438,102.57812,2.66009,0.8405,30010.25
31-Jan-19,-0.03145,102.96875,2.64444,0.8405,30009.25
01-Feb-19,-0.02375,102.53125,2.60613,0.8405,30010.25
04-Feb-19,-0.02677,102.34375,2.62968,0.8405,30010.25
05-Feb-19,-0.04385,102.45312,2.74904,0.8405,30009.25
06-Feb-19,-0.01319,102.48438,2.64192,0.8405,30010.25
07-Feb-19,-0.02382,102.79688,2.7185,0.8405,30009.25
08-Feb-19,-0.00874,102.89062,2.61597,0.8405,30010.25
11-Feb-19,-0.0171,102.67188,2.68214,0.8405,30010.25
12-Feb-19,-0.00097,102.54297,2.55767,0.8405,30010.25
13-Feb-19,-0.01341,102.35938,2.65874,0.8405,30010.25
14-Feb-19,-0.00655,102.71875,2.6042,0.8405,30010.25
15-Feb-19,-0.00487,102.60938,2.59445,0.8405,30009.25
19-Feb-19,0.0059,102.76562,2.49464,0.8405,30010.25
20-Feb-19,-0.00099,102.70312,2.5595,0.8405,30009.25
21-Feb-19,-0.00925,102.48438,2.64178,0.8405,30009.25
22-Feb-19,0.01575,102.70312,2.37948,0.8405,30009.25
25-Feb-19,0.00374,102.60938,2.40803,0.8405,30010.25
26-Feb-19,-0.00779,102.84375,2.53987,0.8405,30009.25
27-Feb-19,0.00675,102.51562,2.39907,0.8405,30010.25
28-Feb-19,0.02714,102.39062,2.14251,0.8405,30010.25
01-Mar-19,0.0116,102.10938,2.31806,0.8405,30010.25
04-Mar-19,0.00361,102.29688,2.42756,0.8405,30010.25
05-Mar-19,-0.00834,102.29688,2.60629,0.8405,30010.25
06-Mar-19,0.00318,102.51562,2.42989,0.8405,30009.25
07-Mar-19,-0.01165,102.90625,2.67157,0.8405,30009.25
08-Mar-19,-0.01013,102.98438,2.67472,0.8405,30010.25
11-Mar-19,-0.01094,102.89062,2.70268,0.8405,30010.25
12-Mar-19,-0.00746,103.0625,2.64085,0.8405,30009.25
13-Mar-19,-0.00891,103.04688,2.68484,0.8405,30009.25
14-Mar-19,-0.01566,102.92188,2.86698,0.8405,30010.25
15-Mar-19,-0.00349,103.14062,2.58945,0.8405,30010.25
18-Mar-19,-0.00364,103.04688,2.60534,0.8405,30009.25
19-Mar-19,-0.0176,102.95312,3.15442,0.8405,30009.25
20-Mar-19,-0.03991,101.23438,2.64286,0.8205,25801.26
21-Mar-19,-0.03267,101.20312,2.61815,0.8205,25801.26
22-Mar-19,-0.03272,101.75,2.6214,0.8205,25801.26
25-Mar-19,-0.00874,102.01562,2.53268,0.8205,25801.26
26-Mar-19,-0.01132,102.0625,2.60835,0.8205,25812.25
27-Mar-19,-0.03798,102.26562,2.74834,0.8205,25812.25
28-Mar-19,-0.02542,102.125,2.68494,0.8205,25812.25
29-Mar-19,-0.02338,101.92188,2.54324,0.8205,25812.25
01-Apr-19,-0.02603,101.42188,2.55553,0.8205,25812.25
02-Apr-19,-0.01376,101.5625,2.50646,0.8205,25801.26
03-Apr-19,-0.02989,101.32812,2.57412,0.8205,25812.25
04-Apr-19,-0.02215,101.375,2.5432,0.8205,25801.26
05-Apr-19,-0.01239,101.42188,2.50405,0.8205,25801.26
08-Apr-19,-0.00662,101.3125,2.47928,0.8205,25801.26
09-Apr-19,-0.01872,101.45312,2.5337,0.8205,25801.26
10-Apr-19,-0.01972,101.57812,2.53896,0.8205,25812.25
11-Apr-19,-0.01557,101.39062,2.52128,0.8205,25812.25
12-Apr-19,-0.00797,101.01562,2.48818,0.8205,25801.26
15-Apr-19,-0.01177,101.0625,2.50712,0.8205,25801.26
16-Apr-19,-0.0091,100.79688,2.49487,0.8205,25801.26
17-Apr-19,-0.01756,100.8125,2.53764,0.8205,25812.25
18-Apr-19,-0.01243,101.04688,2.5157,0.8205,25801.26
22-Apr-19,-0.00235,100.89062,2.46261,0.8205,25801.26
23-Apr-19,0.00113,101.04688,2.44386,0.8205,25801.26
24-Apr-19,-0.01798,101.35938,2.54915,0.8205,25801.26
25-Apr-19,-0.01209,101.25,2.51784,0.8205,25801.26
26-Apr-19,-0.02217,101.46875,2.58027,0.8205,25801.26
29-Apr-19,-0.01779,101.28125,2.55648,0.8205,25801.26
30-Apr-19,-0.02151,101.46875,2.58072,0.8205,25801.26
01-May-19,-0.007,101.40625,2.49331,0.8205,25801.26
02-May-19,-0.00271,101.07812,2.46714,0.8205,25801.26
03-May-19,-0.00073,101.21875,2.45488,0.8205,25812.25
06-May-19,0.00324,101.45312,2.42807,0.8205,25801.26
07-May-19,-0.01826,101.75,2.57554,0.8205,25812.25
08-May-19,-0.00461,101.54688,2.48246,0.8205,25801.26
09-May-19,-0.00847,101.73438,2.51076,0.8205,25801.26
10-May-19,0.00811,101.75,2.3881,0.8205,25801.26
13-May-19,0.00991,102.10938,2.37291,0.8205,25801.26
14-May-19,-0.00692,102.01562,2.50512,0.8205,25801.26
15-May-19,-0.02163,102.28125,2.62538,0.8205,25812.25
16-May-19,-0.0043,102.09375,2.48574,0.8205,25812.25
17-May-19,0.00725,102.15625,2.38496,0.8205,25801.26
20-May-19,0.00186,101.98438,2.43283,0.8205,25801.26
21-May-19,-0.00779,101.85938,2.52387,0.8205,25801.26
22-May-19,-0.00049,102.10938,2.45472,0.8205,25801.26
23-May-19,0.01373,102.75,2.3136,0.8205,25801.26
24-May-19,0.00483,102.48438,2.39574,0.8205,25801.26
28-May-19,0.00189,102.89062,2.42813,0.8205,25801.26
29-May-19,-0.01799,103.0625,2.66494,0.8205,25801.26
30-May-19,-0.00604,103.125,2.52446,0.8205,25812.25
31-May-19,0.02514,103.71875,2.10463,0.8205,25812.25
03-Jun-19,0.02477,104.14062,-6.70852,0.8205,25812.25
04-Jun-19,0.01327,103.89062,2.18084,0.8205,25812.25
05-Jun-19,0.02666,103.9375,-7.40578,0.8205,25812.25
06-Jun-19,0.02112,103.90625,-0.17176,0.8205,25812.25
07-Jun-19,0.0097,104.125,-1.36448,0.8205,25812.25
10-Jun-19,0.02153,103.76562,2.01454,0.8205,25801.26
11-Jun-19,0.02191,103.76562,1.98026,0.8205,25812.25
12-Jun-19,0.01177,103.92188,-2.05182,0.8205,25812.25
13-Jun-19,-0.00147,104.20312,2.51946,0.8205,25812.25
14-Jun-19,0.00315,104.15625,1.10012,0.8205,25812.25
17-Jun-19,-0.00677,104.17188,4.52086,0.8205,25812.25
18-Jun-19,0.00864,104.32812,-0.67894,0.8205,25812.25
19-Jun-19,-0.00767,103.15625,2.48556,0.8072,23804.26
20-Jun-19,0.00056,103.32812,2.44739,0.8072,23804.26
21-Jun-19,0.00067,102.89062,2.44671,0.8072,23804.26
24-Jun-19,0.00498,103.23438,2.42529,0.8072,23804.26
25-Jun-19,-0.02135,103.35938,2.5574,0.8072,23804.26
26-Jun-19,-0.03263,102.92188,2.61722,0.8072,23804.26
27-Jun-19,-0.01242,103.21875,2.51442,0.8072,23804.26
28-Jun-19,0.00773,103.26562,2.40806,0.8072,23804.26
01-Jul-19,0.01449,103.04688,2.36995,0.8072,23804.26
02-Jul-19,-0.00663,103.39062,2.48708,0.8072,23804.26
03-Jul-19,-0.00195,103.48438,2.46128,0.8072,23804.26
05-Jul-19,-0.00053,102.85938,2.45324,0.8072,23804.26
08-Jul-19,-0.02631,102.85938,2.6137,0.8072,23804.26
09-Jul-19,-0.00405,102.71875,2.47569,0.8072,23804.26
10-Jul-19,0.00076,102.84375,2.40255,0.8072,23804.26
11-Jul-19,0.00431,102.48438,2.37155,0.8072,23804.26
12-Jul-19,-0.00369,102.57812,2.42578,0.8072,23804.26
15-Jul-19,0.00817,102.64062,2.34182,0.8072,23804.26
16-Jul-19,0.00579,102.4375,2.35781,0.8072,23804.26
17-Jul-19,0.01275,102.79688,2.30544,0.8072,23804.26
18-Jul-19,0.02041,103.03125,2.24575,0.8072,23804.26
19-Jul-19,-0.00229,102.92188,2.41849,0.8072,23804.26
22-Jul-19,-0.00615,102.96875,2.45096,0.8072,23804.26
23-Jul-19,0.01026,102.79688,2.31284,0.8072,23804.26
24-Jul-19,-0.00662,102.90625,2.45757,0.8072,23804.26
25-Jul-19,-0.00585,102.71875,2.45224,0.8072,23804.26
26-Jul-19,-0.00363,102.67188,2.43516,0.8072,23804.26
29-Jul-19,-0.0053,102.85938,2.45265,0.8072,23804.26
30-Jul-19,0.01992,102.79688,2.19597,0.8072,23804.26
31-Jul-19,0.01907,102.85938,2.19889,0.8072,23804.26
01-Aug-19,0.03048,103.89062,2.07185,0.8072,23804.26
02-Aug-19,-0.00017,104,2.40203,0.8072,23804.26
05-Aug-19,0.0031,104.79688,2.36226,0.8072,23804.26
06-Aug-19,0.00298,104.73438,2.36227,0.8072,23804.26
07-Aug-19,0.00015,105.04688,2.39802,0.8072,23804.26
08-Aug-19,0.00094,104.85938,2.38711,0.8072,23804.26
09-Aug-19,0.00064,104.67188,2.38999,0.8072,23804.26
12-Aug-19,0.00842,105.23438,2.26368,0.8072,23804.26
13-Aug-19,0.02682,104.8125,1.94233,0.8072,23804.26
14-Aug-19,0.01887,105.35938,2.06286,0.8072,23804.26
15-Aug-19,0.04056,105.73438,1.63779,0.8072,23804.26
16-Aug-19,0.00132,105.67188,2.37025,0.8072,23804.26
19-Aug-19,0.01632,105.29688,2.00409,0.8072,23804.26
20-Aug-19,0.02629,105.54688,1.71486,0.8072,23804.26
21-Aug-19,0.01762,105.375,1.9019,0.8072,23804.26
22-Aug-19,0.01855,105.1875,1.82682,0.8072,23804.26
23-Aug-19,0.03418,105.73438,0.95572,0.8072,23804.26
26-Aug-19,0.04722,105.60938,0.11732,0.8072,23804.26
27-Aug-19,0.03786,105.89062,0.27059,0.8072,23804.26
28-Aug-19,0.01693,106.04688,1.2591,0.8072,23804.26
29-Aug-19,0.01597,105.71875,1.05017,0.8072,23804.26
30-Aug-19,0.03212,105.8125,-8.44368,0.8072,23804.26
03-Sep-19,0.01671,106.125,-3.22609,0.8072,23804.26
04-Sep-19,0.03122,106.26562,-8.09599,0.8072,23804.26
05-Sep-19,0.02055,105.48438,0.0803,0.8072,23804.26
06-Sep-19,0.0031,105.53125,1.35065,0.8072,23804.26
09-Sep-19,0.01906,105.15625,-4.07362,0.8072,23804.26
10-Sep-19,0.0271,104.60938,-6.85062,0.8072,23804.26
11-Sep-19,0.00054,104.40625,2.21545,0.8072,23804.26
12-Sep-19,0.02361,104.0625,-0.30029,0.8072,23804.26
13-Sep-19,0.00646,103.39062,0.1696,0.8072,23804.26
16-Sep-19,0.0001,103.75,2.36626,0.8072,23804.26
17-Sep-19,0.00501,103.90625,0.67964,0.8072,23804.26
18-Sep-19,0.03872,104.01562,-10.88288,0.8072,23804.26
19-Sep-19,-0.08166,101.03125,2.50508,0.7807,17807.26
20-Sep-19,-0.0317,101.15625,2.26864,0.7807,17807.26
23-Sep-19,-0.01568,101.48438,2.1491,0.7807,17807.26
24-Sep-19,-0.03993,101.95312,2.30674,0.7807,17807.26
25-Sep-19,-0.03912,101.35938,2.30679,0.7807,17807.26
26-Sep-19,-0.04381,101.60938,2.34162,0.7807,17807.26
27-Sep-19,-0.02681,101.71875,2.23018,0.7807,17807.26
30-Sep-19,-0.01892,101.67188,2.1577,0.7807,17807.26
01-Oct-19,-0.0608,101.9375,2.17033,0.7807,17806.26
02-Oct-19,-0.07855,102.29688,2.27854,0.7807,17806.26
03-Oct-19,-0.0449,102.79688,2.13567,0.7807,17807.26
04-Oct-19,-0.03418,102.9375,2.03242,0.7807,17806.26
07-Oct-19,-0.04271,102.625,2.09105,0.7807,17806.26
08-Oct-19,-0.04819,102.76562,2.13103,0.7807,17806.26
09-Oct-19,-0.04795,102.4375,2.13631,0.7807,17806.26
10-Oct-19,-0.03535,102,2.0587,0.7807,17806.26
11-Oct-19,-0.03131,101.35938,2.05047,0.7807,17806.26
15-Oct-19,-0.02428,101.28125,2.00263,0.7807,17806.26
16-Oct-19,-0.02283,101.45312,1.99511,0.7807,17806.26
17-Oct-19,-0.02453,101.39062,2.01245,0.7807,17806.26
18-Oct-19,-0.02831,101.48438,2.05775,0.7807,17806.26
21-Oct-19,-0.00869,101.1875,1.89501,0.7807,17806.26
22-Oct-19,-0.02986,101.3125,2.08375,0.7807,17806.26
23-Oct-19,-0.01954,101.35938,1.99688,0.7807,17806.26
24-Oct-19,-0.03363,101.32812,2.18306,0.7807,17807.26
25-Oct-19,-0.04532,101.07812,2.27837,0.7807,17806.26
28-Oct-19,-0.02982,100.79688,2.18177,0.7807,17807.26
29-Oct-19,-0.0462,100.89062,1.96469,0.7807,17807.26
30-Oct-19,-0.02862,101.07812,1.86631,0.7807,17807.26
31-Oct-19,-0.00451,101.73438,1.72649,0.7807,17807.26
01-Nov-19,-0.00343,101.51562,1.72125,0.7807,17807.26
04-Nov-19,-0.00624,101.17188,1.73948,0.7807,17807.26
05-Nov-19,0.0051,100.67188,1.667,0.7807,17807.26
06-Nov-19,0.00157,100.98438,1.6897,0.7807,17807.26
07-Nov-19,0.01324,100.26562,1.61075,0.7807,17807.26
08-Nov-19,-0.01669,100.23438,1.82168,0.7807,17807.26
12-Nov-19,-0.00084,100.35938,1.70627,0.7807,17807.26
13-Nov-19,0.00081,100.64062,1.69388,0.7807,17807.26
14-Nov-19,-0.00812,100.98438,1.7626,0.7807,17807.26
15-Nov-19,0.01048,100.84375,1.61346,0.7807,17807.26
18-Nov-19,0.00532,100.98438,1.65509,0.7807,17807.26
19-Nov-19,0.01417,101.07812,1.57758,0.7807,17807.26
20-Nov-19,-0.01637,101.32812,1.83506,0.7807,17806.26
21-Nov-19,-0.00891,101.09375,1.75593,0.7807,17807.26
22-Nov-19,-0.0147,101.0625,1.81961,0.7807,17807.26
25-Nov-19,0.00195,101.125,1.68025,0.7807,17807.26
26-Nov-19,0.00892,101.26562,1.60728,0.7807,17807.26
27-Nov-19,0.0031,101.01562,1.66572,0.7807,17807.26
29-Nov-19,0.01806,100.96875,1.47937,0.7807,17807.26
02-Dec-19,0.03825,100.67188,1.21452,0.7807,17807.26
03-Dec-19,0.0417,101.51562,1.15568,0.7807,17807.26
04-Dec-19,0.02745,101.0625,1.32639,0.7807,17807.26
05-Dec-19,0.03836,101,1.1566,0.7807,17807.26
06-Dec-19,0.02795,100.67188,1.24862,0.7807,17807.26
09-Dec-19,0.01764,100.73438,1.4018,0.7807,17807.26
10-Dec-19,0.01982,100.6875,1.34795,0.7807,17807.26
11-Dec-19,0.00544,100.95312,1.59863,0.7807,17807.26
12-Dec-19,0.01984,100.29688,1.30699,0.7807,17807.26
13-Dec-19,0.02449,100.8125,1.12102,0.7807,17807.26
16-Dec-19,0.01051,100.35938,1.43251,0.7807,17807.26
17-Dec-19,0.02115,100.40625,1.12086,0.7807,17807.26
18-Dec-19,-0.00223,100.1875,1.76625,0.7807,17807.26
19-Dec-19,-0.03066,101.0625,1.80687,0.7873,20011.26
20-Dec-19,-0.02633,101.01562,1.79459,0.7873,20011.26
23-Dec-19,-0.02815,100.89062,1.8023,0.7873,20011.26
24-Dec-19,-0.01054,101.07812,1.739,0.7873,20011.26
26-Dec-19,-0.02762,101.10938,1.80327,0.7873,20011.26
27-Dec-19,-0.01145,101.34375,1.74412,0.7873,20011.26
30-Dec-19,0.00922,101.26562,1.66407,0.7873,20011.26
31-Dec-19,0.00263,101.17188,1.6895,0.7873,20011.26
02-Jan-20,0.00034,101.32812,1.69863,0.7873,20011.26
03-Jan-20,-0.00415,101.92188,1.71718,0.7873,20011.26
06-Jan-20,-0.00255,101.8125,1.71071,0.7873,20011.26
07-Jan-20,-0.00648,101.73438,1.72754,0.7873,20011.26
08-Jan-20,0.00373,101.4375,1.68389,0.7873,20011.26
09-Jan-20,0.00014,101.53125,1.69939,0.7873,20011.26
10-Jan-20,-0.00422,101.67188,1.71909,0.7873,20011.26
13-Jan-20,-0.00596,101.54688,1.72735,0.7873,20011.26
14-Jan-20,-0.00499,101.71875,1.72314,0.7873,20011.26
15-Jan-20,0.00827,101.89062,1.66116,0.7873,20011.26
16-Jan-20,0.01546,101.75,1.62633,0.7873,20011.26
17-Jan-20,0.02595,101.67188,1.56919,0.7873,20011.26
21-Jan-20,0.01597,102.07812,1.61868,0.7873,20011.26
22-Jan-20,0.00989,102.04688,1.64885,0.7873,20011.26
23-Jan-20,-0.00153,102.21875,1.70803,0.7873,20011.26
24-Jan-20,-0.00138,102.60938,1.70754,0.7873,20011.26
27-Jan-20,0.00532,103.09375,1.67063,0.7873,20011.26
28-Jan-20,0.00798,102.875,1.65513,0.7873,20011.26
29-Jan-20,0.01784,103.20312,1.59837,0.7873,20011.26
30-Jan-20,0.03544,103.45312,1.4953,0.7873,20011.26
31-Jan-20,0.00162,103.6875,1.69016,0.7873,20011.26
03-Feb-20,0.01672,103.64062,1.59671,0.7873,20011.26
04-Feb-20,0.02596,103.10938,1.53594,0.7873,20011.26
05-Feb-20,0.01524,102.82812,1.60162,0.7873,20011.26
06-Feb-20,0.01923,102.84375,1.57353,0.7873,20011.26
07-Feb-20,0.00672,103.23438,1.65336,0.7873,20011.26
10-Feb-20,0.00516,103.45312,1.66355,0.7873,20011.26
11-Feb-20,0.02246,103.1875,1.5375,0.7873,20011.26
12-Feb-20,0.03421,102.95312,1.44669,0.7873,20011.26
13-Feb-20,0.0203,103,1.54649,0.7873,20011.26
14-Feb-20,0.03842,103.1875,1.38244,0.7873,20011.26
18-Feb-20,0.03902,103.35938,1.37023,0.7873,20011.26
19-Feb-20,0.01279,103.23438,1.58905,0.7873,20011.26
20-Feb-20,0.02788,103.53125,1.45269,0.7873,20011.26
21-Feb-20,0.04184,103.875,1.29932,0.7873,20011.26
24-Feb-20,0.02542,104.48438,1.45112,0.7873,20011.26
25-Feb-20,0.03252,104.85938,1.37343,0.7873,20011.26
26-Feb-20,0.01396,105,1.5557,0.7873,20011.26
27-Feb-20,0.02226,105.09375,1.46299,0.7873,20011.26
28-Feb-20,0.10578,106.28125,0.47129,0.7873,20011.26
02-Mar-20,0.05572,106.5625,1.03149,0.7873,20011.26
03-Mar-20,0.05685,107.14062,0.99651,0.7873,20011.26
04-Mar-20,0.07945,107.35938,0.68105,0.7873,20011.26
05-Mar-20,0.04935,107.73438,1.04414,0.7873,20011.26
06-Mar-20,0.04281,108.73438,1.05946,0.7873,20011.26
09-Mar-20,-0.00255,109.67188,1.73962,0.7873,20011.26
10-Mar-20,-0.03206,108.26562,2.22991,0.7873,20011.26
11-Mar-20,-0.14976,107.82812,4.31578,0.7873,20011.26
12-Mar-20,0.03181,107.8125,1.11353,0.7873,20011.26
13-Mar-20,0.0966,107.01562,-0.45304,0.7873,20011.26
16-Mar-20,-0.01373,108.6875,2.02278,0.7873,20011.26
17-Mar-20,0.01338,107.14062,1.35633,0.7873,20011.26
18-Mar-20,-0.31573,105.53125,9.2674,0.7873,20011.26
19-Mar-20,-0.14301,106.4375,4.71896,0.7873,20011.26
20-Mar-20,-0.17821,109.8125,0.88889,0.8006,21402.27
23-Mar-20,-0.11344,111.04688,0.67446,0.8006,21402.27
24-Mar-20,-0.1176,110.4375,0.69432,0.8006,21402.27
25-Mar-20,-0.14719,110.35938,0.64905,0.8006,21402.27
26-Mar-20,-0.11032,110.70312,0.52677,0.8006,21402.27
27-Mar-20,-0.06518,111.15625,0.37888,0.8006,21402.27
30-Mar-20,-0.04087,111.625,0.29447,0.8006,21402.27
31-Mar-20,-0.06159,111.5,0.32037,0.8006,21402.27
01-Apr-20,-0.05896,111.73438,0.31288,0.8006,21402.27
02-Apr-20,-0.02492,111.6875,0.19102,0.8006,21402.27
03-Apr-20,-0.03554,111.85938,0.23417,0.8006,21402.27
06-Apr-20,-0.03561,111.26562,0.23678,0.8006,21402.27
07-Apr-20,-0.03578,110.85938,0.23959,0.8006,21402.27
08-Apr-20,-0.03067,110.80859,0.22113,0.8006,21402.27
09-Apr-20,0.0036,111.14453,0.08511,0.8006,21402.27
13-Apr-20,-0.01312,110.98438,0.15508,0.8006,21402.27
14-Apr-20,-0.01434,111.08984,0.16093,0.8006,21402.27
15-Apr-20,-0.00496,111.84375,0.12123,0.8006,21402.27
16-Apr-20,-0.02648,111.87891,0.21473,0.8006,21402.27
17-Apr-20,-0.01887,111.59375,0.18543,0.8006,21402.27
20-Apr-20,-0.01231,111.76953,0.15646,0.8006,21402.27
21-Apr-20,0.00671,112.00781,0.06884,0.8006,21402.27
22-Apr-20,-0.00914,111.71094,0.14315,0.8006,21402.27
23-Apr-20,0.01394,111.70312,0.03322,0.8006,21402.27
24-Apr-20,-0.02007,111.72656,0.20062,0.8006,21402.27
27-Apr-20,-0.00695,111.37109,0.13554,0.8006,21402.27
28-Apr-20,-0.00359,111.65625,0.11861,0.8006,21402.27
29-Apr-20,-0.00708,111.60938,0.13726,0.8006,21402.27
30-Apr-20,-0.02938,111.65625,0.25721,0.8006,21402.27
01-May-20,0.01333,111.53125,0.02487,0.8006,21402.27
04-May-20,0.00155,111.58865,0.09111,0.8006,21402.27
05-May-20,0.00242,111.49609,0.08588,0.8006,21402.27
06-May-20,0.00062,111.23828,0.09628,0.8006,21402.27
07-May-20,0.01551,111.84766,0.00624,0.8006,21402.27
08-May-20,0.01532,111.55469,0.00161,0.8006,21402.27
11-May-20,0.01041,111.28125,0.0316,0.8006,21402.27
12-May-20,0.00362,111.53125,0.07579,0.8006,21402.27
13-May-20,0.00779,111.74219,0.04683,0.8006,21402.27
14-May-20,0.00731,111.89844,0.04911,0.8006,21402.27
15-May-20,0.01403,111.8125,-0.00452,0.8006,21402.27
18-May-20,0.01402,111.21875,-0.0075,0.8006,21402.27
19-May-20,0.01429,111.42578,-0.01201,0.8006,21402.27
20-May-20,0.01302,111.59375,-0.00441,0.8006,21402.27
21-May-20,0.00405,111.56641,0.06668,0.8006,21402.27
22-May-20,0.00717,111.62109,0.03433,0.8006,21402.27
26-May-20,-0.00405,111.44141,0.13822,0.8006,21402.27
27-May-20,0.00486,111.58203,0.05276,0.8006,21402.27
28-May-20,0.0116,111.44531,-0.01644,0.8006,21402.27
29-May-20,0.0118,111.76562,-0.03027,0.8006,21402.27
01-Jun-20,0.00832,111.71875,0.00485,0.8006,21402.27
02-Jun-20,0.00567,111.59766,0.03268,0.8006,21402.27
03-Jun-20,0.01969,111.10547,-0.14389,0.8006,21402.27
04-Jun-20,-0.01487,110.77734,0.29211,0.8006,21402.27
05-Jun-20,-0.01096,110.23828,0.2616,0.8006,21402.27
08-Jun-20,0.00106,110.39453,0.08358,0.8006,21402.27
09-Jun-20,0.00123,110.72656,0.08007,0.8006,21402.27
10-Jun-20,-0.00189,111.29297,0.13196,0.8006,21402.27
11-Jun-20,0.00367,111.73047,0.03465,0.8006,21402.27
12-Jun-20,-0.00588,111.45312,0.22589,0.8006,21402.27
15-Jun-20,-0.00783,111.44531,0.27941,0.8006,21402.27
16-Jun-20,0.00994,111.20703,-0.14582,0.8006,21402.27
17-Jun-20,0.00321,111.33203,0.01407,0.8006,21402.27
18-Jun-20,-0.01059,111.5,0.40858,0.8006,21402.27
19-Jun-20,-0.03279,112.60547,0.2046,0.8072,23805.27
22-Jun-20,-0.0261,112.54297,0.18415,0.8072,23805.27
23-Jun-20,-0.04217,112.55859,0.2373,0.8072,23805.27
24-Jun-20,-0.03924,112.65625,0.22898,0.8072,23805.27
25-Jun-20,-0.03488,112.67969,0.21581,0.8072,23805.27
26-Jun-20,-0.03427,112.91406,0.21719,0.8072,23805.27
29-Jun-20,-0.04609,112.98438,0.2592,0.8072,23805.27
30-Jun-20,-0.03781,112.86328,0.22217,0.8072,23805.27
01-Jul-20,-0.04651,112.67188,0.25466,0.8072,23805.27
02-Jul-20,-0.03765,112.76953,0.22936,0.8072,23805.27
06-Jul-20,-0.02524,112.6875,0.18458,0.8072,23805.27
07-Jul-20,-0.02373,112.85938,0.17985,0.8072,23805.27
08-Jul-20,-0.0323,112.83203,0.21377,0.8072,23805.27
09-Jul-20,-0.03223,113.07812,0.21474,0.8072,23805.27
10-Jul-20,-0.01721,112.84766,0.15925,0.8072,23805.27
13-Jul-20,-0.02666,112.83203,0.19869,0.8072,23805.27
14-Jul-20,-0.02427,112.99219,0.19006,0.8072,23805.27
15-Jul-20,-0.02145,112.92578,0.17966,0.8072,23805.27
16-Jul-20,-0.03502,113.01953,0.23822,0.8072,23805.27
17-Jul-20,-0.01719,112.91797,0.16583,0.8072,23805.27
20-Jul-20,-0.03234,112.92188,0.23465,0.8072,23805.27
21-Jul-20,-0.02549,113.02344,0.20552,0.8072,23805.27
22-Jul-20,-0.0259,113.05469,0.20904,0.8072,23805.27
23-Jul-20,-0.01938,113.10547,0.18038,0.8072,23805.27
24-Jul-20,-0.02555,113.04297,0.21464,0.8072,23805.27
27-Jul-20,-0.01704,112.95703,0.17449,0.8072,23805.27
28-Jul-20,-0.02815,113.12891,0.23159,0.8072,23805.27
29-Jul-20,-0.02075,113.16797,0.19601,0.8072,23805.27
30-Jul-20,-0.01412,113.38281,0.16315,0.8072,23805.27
31-Jul-20,-0.00308,113.42578,0.10678,0.8072,23805.27
03-Aug-20,-0.01623,113.29297,0.18006,0.8072,23805.27
04-Aug-20,-0.02064,113.59766,0.20627,0.8072,23805.27
05-Aug-20,-0.00411,113.40625,0.11358,0.8072,23805.27
06-Aug-20,-0.01412,113.45312,0.17255,0.8072,23805.27
07-Aug-20,-0.00354,113.28125,0.11196,0.8072,23805.27
10-Aug-20,-0.00072,113.21484,0.09458,0.8072,23805.27
11-Aug-20,-0.00184,112.70312,0.1019,0.8072,23805.27
12-Aug-20,-0.00381,112.64453,0.11527,0.8072,23805.27
13-Aug-20,-0.0125,112.45312,0.17468,0.8072,23805.27
14-Aug-20,-0.00681,112.56641,0.13925,0.8072,23805.27
17-Aug-20,-0.01615,112.71484,0.2093,0.8072,23805.27
18-Aug-20,-0.00964,112.76562,0.16289,0.8072,23805.27
19-Aug-20,0.00133,112.75781,0.07971,0.8072,23805.27
20-Aug-20,-0.01103,112.89062,0.1774,0.8072,23805.27
21-Aug-20,-0.01595,112.86719,0.22673,0.8072,23805.27
24-Aug-20,-0.01101,112.82812,0.18702,0.8072,23805.27
25-Aug-20,0.00286,112.67188,0.06406,0.8072,23805.27
26-Aug-20,0.00512,112.66797,0.04214,0.8072,23805.27
27-Aug-20,-0.00422,112.375,0.13076,0.8072,23805.27
28-Aug-20,-0.00178,112.58594,0.10886,0.8072,23805.27
31-Aug-20,0.01499,112.72266,-0.0741,0.8072,23805.27
01-Sep-20,0.00353,112.84375,0.05003,0.8072,23805.27
02-Sep-20,-0.01698,112.91797,0.28919,0.8072,23805.27
03-Sep-20,0.00404,113.10938,0.04089,0.8072,23805.27
04-Sep-20,0.00339,112.50391,0.04103,0.8072,23805.27
08-Sep-20,-0.01489,112.76953,0.31483,0.8072,23805.27
09-Sep-20,-0.02289,112.67969,0.45322,0.8072,23805.27
10-Sep-20,-0.00043,112.79688,0.09714,0.8072,23805.27
11-Sep-20,-0.01128,112.90625,0.31315,0.8072,23805.27
14-Sep-20,-0.00723,112.87891,0.24256,0.8072,23805.27
15-Sep-20,-0.01311,112.81641,0.38666,0.8072,23805.27
16-Sep-20,-0.00515,112.79297,0.21557,0.8072,23805.27
17-Sep-20,0.00492,112.79688,-0.04005,0.8072,23805.27
18-Sep-20,-0.02165,112.72656,0.85274,0.8072,23805.27
21-Sep-20,-0.02014,112.29688,0.15444,0.8006,21408.27
22-Sep-20,-0.03309,112.32812,0.19689,0.8006,21408.27
23-Sep-20,-0.02095,112.23438,0.15843,0.8006,21408.27
24-Sep-20,-0.03078,112.28125,0.19151,0.8006,21408.27
25-Sep-20,-0.03206,112.3125,0.19905,0.8006,21408.27
28-Sep-20,-0.02153,112.30469,0.16402,0.8006,21408.27
29-Sep-20,-0.02357,112.42188,0.17184,0.8006,21408.27
30-Sep-20,-0.02467,112.21484,0.17674,0.8006,21408.27
01-Oct-20,-0.0218,112.22439,0.16749,0.8006,21408.27
02-Oct-20,-0.03177,112.10938,0.20692,0.8006,21408.27
05-Oct-20,-0.02727,111.69531,0.19192,0.8006,21408.27
06-Oct-20,-0.01993,111.79688,0.16528,0.8006,21408.27
07-Oct-20,-0.00926,111.53906,0.12549,0.8006,21408.27
08-Oct-20,-0.02149,111.68359,0.1732,0.8006,21408.27
09-Oct-20,-0.02858,111.57812,0.20635,0.8006,21408.27
13-Oct-20,-0.01041,111.89062,0.13279,0.8006,21408.27
14-Oct-20,-0.01708,111.89062,0.16115,0.8006,21408.27
15-Oct-20,-0.02605,111.80078,0.20001,0.8006,21408.27
16-Oct-20,-0.02102,111.73828,0.18246,0.8006,21408.27
19-Oct-20,-0.02763,111.61328,0.21331,0.8006,21408.27
20-Oct-20,-0.02247,111.4375,0.19187,0.8006,21408.27
21-Oct-20,-0.02077,111.33331,0.1856,0.8006,21408.27
22-Oct-20,-0.01593,111.13219,0.16452,0.8006,21408.27
23-Oct-20,-0.01111,111.14453,0.14429,0.8006,21408.27
26-Oct-20,-0.0215,111.35344,0.19648,0.8006,21408.27
27-Oct-20,-0.01393,111.51776,0.15998,0.8006,21408.27
28-Oct-20,-0.00787,111.48047,0.13017,0.8006,21408.27
29-Oct-20,-0.02998,111.13984,0.246,0.8006,21408.27
30-Oct-20,-0.01394,110.98828,0.16631,0.8006,21408.27
02-Nov-20,-0.01205,111.04688,0.15706,0.8006,21408.27
03-Nov-20,-0.02095,110.86954,0.20883,0.8006,21408.27
04-Nov-20,-0.01947,111.57812,0.20165,0.8006,21408.27
05-Nov-20,-0.01983,111.48438,0.20589,0.8006,21408.27
06-Nov-20,-0.01346,111.21057,0.17343,0.8006,21408.27
09-Nov-20,-0.00913,110.43359,0.14805,0.8006,21408.27
10-Nov-20,-0.00975,110.30873,0.1546,0.8006,21408.27
12-Nov-20,0.00263,110.89062,0.07233,0.8006,21408.27
13-Nov-20,-0.01656,110.81641,0.20897,0.8006,21408.27
16-Nov-20,-0.00287,110.76172,0.11113,0.8006,21408.27
17-Nov-20,-0.01436,110.95703,0.19782,0.8006,21408.27
18-Nov-20,-0.02254,110.85547,0.26333,0.8006,21408.27
19-Nov-20,-0.01366,110.99609,0.19751,0.8006,21408.27
20-Nov-20,-0.01107,111.09375,0.18393,0.8006,21408.27
23-Nov-20,-0.02311,110.92578,0.2916,0.8006,21408.27
24-Nov-20,-0.03828,110.85474,0.43339,0.8006,21408.27
25-Nov-20,-0.00324,110.89062,0.12071,0.8006,21408.27
27-Nov-20,-0.01947,111.08203,0.29241,0.8006,21408.27
30-Nov-20,0.00278,111.08594,0.06019,0.8006,21408.27
01-Dec-20,0.00034,110.52729,0.08624,0.8006,21408.27
02-Dec-20,0.00592,110.52704,0.02151,0.8006,21408.27
03-Dec-20,-0.0076,110.69531,0.18096,0.8006,21408.27
04-Dec-20,-0.00552,110.46724,0.16445,0.8006,21408.27
07-Dec-20,0.00853,110.73813,-0.02985,0.8006,21408.27
08-Dec-20,0.01969,110.806,-0.19895,0.8006,21408.27
09-Dec-20,-0.01007,110.63281,0.24498,0.8006,21408.27
10-Dec-20,-0.00768,110.84202,0.21382,0.8006,21408.27
11-Dec-20,-0.00573,110.97656,0.19861,0.8006,21408.27
14-Dec-20,0.00792,110.98438,-0.06945,0.8006,21408.27
15-Dec-20,0.00246,110.81047,0.03709,0.8006,21408.27
16-Dec-20,-0.00297,110.82422,0.15846,0.8006,21408.27
17-Dec-20,-0.00337,110.79297,0.17359,0.8006,21408.27
18-Dec-20,0.00326,110.70703,-0.01511,0.8006,21408.27
21-Dec-20,-0.02362,110.85938,0.16732,0.8006,21411.27
22-Dec-20,-0.02871,111.02344,0.18479,0.8006,21411.27
23-Dec-20,-0.02737,110.84375,0.18145,0.8006,21411.27
24-Dec-20,-0.00132,110.93359,0.09458,0.8006,21411.27
28-Dec-20,-0.02118,110.94531,0.16453,0.8006,21411.27
29-Dec-20,-0.01524,110.94531,0.14422,0.8006,21411.27
30-Dec-20,-0.02339,110.96875,0.1741,0.8006,21411.27
31-Dec-20,-0.01297,111.04297,0.13875,0.8006,21411.27
04-Jan-21,-0.01721,111.07031,0.15543,0.8006,21411.27
05-Jan-21,-0.02053,110.83594,0.16913,0.8006,21411.27
06-Jan-21,-0.00571,110.33203,0.11239,0.8006,21411.27
07-Jan-21,-0.01842,110.11328,0.16321,0.8006,21411.27
08-Jan-21,-0.00099,109.87525,0.09411,0.8006,21411.27
11-Jan-21,-0.00698,109.67572,0.11928,0.8006,21411.27
12-Jan-21,-0.00739,109.64436,0.12139,0.8006,21411.27
13-Jan-21,0.00031,109.94629,0.08867,0.8006,21411.27
14-Jan-21,0.00771,109.78516,0.05639,0.8006,21411.27
15-Jan-21,0.00903,110.00035,0.04852,0.8006,21411.27
19-Jan-21,-0.00495,110.04297,0.11303,0.8006,21411.27
20-Jan-21,-0.02152,110.04548,0.19162,0.8006,21411.27
21-Jan-21,0.00149,110,0.08288,0.8006,21411.27
22-Jan-21,-0.00733,110.08594,0.12671,0.8006,21411.27
25-Jan-21,-0.00311,110.35938,0.10579,0.8006,21411.27
26-Jan-21,-0.00889,110.34766,0.13586,0.8006,21411.27
27-Jan-21,0.003,110.4825,0.0543,0.8006,21411.27
28-Jan-21,-0.01022,110.23815,0.12446,0.8006,21411.27
29-Jan-21,-0.02791,110.02734,0.22675,0.8006,21411.27
01-Feb-21,-0.01417,110.16016,0.1509,0.8006,21411.27
02-Feb-21,-0.00336,109.96484,0.08954,0.8006,21411.27
03-Feb-21,-0.0215,109.82812,0.19758,0.8006,21411.27
04-Feb-21,-0.0155,109.82812,0.16367,0.8006,21411.27
05-Feb-21,-0.02496,109.71311,0.22983,0.8006,21411.27
08-Feb-21,-0.01069,109.72137,0.13984,0.8006,21411.27
09-Feb-21,-0.0128,109.73828,0.15528,0.8006,21411.27
10-Feb-21,-0.01316,109.89453,0.15934,0.8006,21411.27
11-Feb-21,0.00772,109.85938,0.01642,0.8006,21411.27
12-Feb-21,0.01217,109.58965,-0.02246,0.8006,21411.27
16-Feb-21,0.00236,108.96094,0.05149,0.8006,21411.27
17-Feb-21,-0.02225,108.9053,0.24844,0.8006,21411.27
18-Feb-21,-0.00911,109,0.14481,0.8006,21411.27
19-Feb-21,-0.00182,108.66406,0.0862,0.8006,21411.27
22-Feb-21,-0.01547,108.54434,0.21176,0.8006,21411.27
23-Feb-21,-0.01948,108.60938,0.25347,0.8006,21411.27
24-Feb-21,-0.00787,108.40234,0.1464,0.8006,21411.27
25-Feb-21,-0.02058,107.19531,0.27821,0.8006,21411.27
26-Feb-21,0.01846,107.31641,-0.13519,0.8006,21411.27
01-Mar-21,-0.01565,107.66406,0.2493,0.8006,21411.27
02-Mar-21,-0.02781,107.93359,0.39924,0.8006,21411.27
03-Mar-21,-0.00322,107.5519,0.10965,0.8006,21411.27
04-Mar-21,-0.00501,107.03125,0.13436,0.8006,21411.27
05-Mar-21,-0.00024,106.98047,0.07353,0.8006,21411.27
08-Mar-21,0.01384,106.61328,-0.14104,0.8006,21411.27
09-Mar-21,-0.01375,106.91742,0.28899,0.8006,21411.27
10-Mar-21,0.01299,107.11328,-0.14684,0.8006,21411.27
11-Mar-21,-0.00918,107.16016,0.23128,0.8006,21411.27
12-Mar-21,0.0304,106.53125,-0.56752,0.8006,21411.27
15-Mar-21,0.01209,106.64453,-0.20006,0.8006,21411.27
16-Mar-21,0.00637,106.63281,-0.08259,0.8006,21411.27
17-Mar-21,0.00448,106.75,-0.04529,0.8006,21411.27
18-Mar-21,0.00782,106.10938,-0.14952,0.8006,21411.27
19-Mar-21,0.01026,106.03125,-0.31436,0.8006,21411.27
22-Mar-21,0.00484,109.55134,0.05399,0.8272,23402.28
23-Mar-21,-0.00551,109.84375,0.0884,0.8272,23402.28
24-Mar-21,0.00034,109.98438,0.06884,0.8272,23402.28
25-Mar-21,0.01584,110.03125,0.01617,0.8272,23402.28
26-Mar-21,0.00607,109.68919,0.04864,0.8272,23402.28
29-Mar-21,0.02744,109.36719,-0.02789,0.8272,23402.28
30-Mar-21,0.01291,109.20312,0.02338,0.8272,23402.28
31-Mar-21,0.04347,109.01953,-0.08899,0.8272,23402.28
01-Apr-21,-0.00992,109.35938,0.10657,0.8272,23402.28
02-Apr-21,0.00573,108.96519,0.04804,0.8272,23402.28
05-Apr-21,0.01636,109.09766,0.00672,0.8272,23402.28
06-Apr-21,0.02606,109.57812,-0.03158,0.8272,23402.28
07-Apr-21,0.0187,109.67969,-0.00369,0.8272,23402.28
08-Apr-21,0.03237,109.82812,-0.05893,0.8272,23402.28
09-Apr-21,0.02421,109.57812,-0.03029,0.8272,23402.28
12-Apr-21,0.0283,109.48438,-0.04885,0.8272,23402.28
13-Apr-21,0.03592,109.85938,-0.08225,0.8272,23402.28
14-Apr-21,0.02409,109.71094,-0.0336,0.8272,23402.28
15-Apr-21,0.04128,110.32812,-0.10885,0.8272,23402.28
16-Apr-21,0.0226,110.05469,-0.03223,0.8272,23402.28
19-Apr-21,0.01779,109.92618,-0.01168,0.8272,23402.28
20-Apr-21,0.019,110.19141,-0.0183,0.8272,23402.28
21-Apr-21,0.02489,110.16406,-0.04734,0.8272,23402.28
22-Apr-21,0.02716,110.17188,-0.05991,0.8272,23402.28
23-Apr-21,0.01477,110.04688,-0.00396,0.8272,23402.28
26-Apr-21,0.01134,109.98438,0.01228,0.8272,23402.28
27-Apr-21,0.01788,109.69922,-0.02269,0.8272,23402.28
28-Apr-21,0.01654,109.74219,-0.01707,0.8272,23402.28
29-Apr-21,0.02064,109.64844,-0.04051,0.8272,23402.28
30-Apr-21,0.02745,109.67188,-0.08454,0.8272,23402.28
03-May-21,0.01163,109.89422,0.00351,0.8272,23402.28
04-May-21,0.02381,109.97656,-0.06845,0.8272,23402.28
05-May-21,0.02937,110.07812,-0.10368,0.8272,23402.28
06-May-21,0.02329,110.16805,-0.07013,0.8272,23402.28
07-May-21,0.01979,110.20703,-0.05604,0.8272,23402.28
10-May-21,0.0263,110.08984,-0.101,0.8272,23402.28
11-May-21,0.0262,109.95312,-0.10404,0.8272,23402.28
12-May-21,0.00125,109.48138,0.06153,0.8272,23402.28
13-May-21,0.01067,109.70312,-0.00403,0.8272,23402.28
14-May-21,0.02017,109.87141,-0.07926,0.8272,23402.28
17-May-21,0.02815,109.82031,-0.14321,0.8272,23402.28
18-May-21,0.00726,109.83984,-0.05628,0.8272,23402.28
19-May-21,-0.00037,109.52734,0.00295,0.8272,23402.28
20-May-21,-0.00432,109.89062,0.03513,0.8272,23402.28
21-May-21,-0.00135,109.83203,0.01184,0.8272,23402.28
24-May-21,0.00349,109.98438,-0.03155,0.8272,23402.28
25-May-21,0.00799,110.26562,-0.07403,0.8272,23402.28
26-May-21,0.02041,110.21875,-0.19474,0.8272,23402.28
27-May-21,0.00583,110.01562,-0.05745,0.8272,23402.28
28-May-21,-0.0083,110.11328,0.09287,0.8272,23402.28
01-Jun-21,0.00504,110.01562,-0.0585,0.8272,23402.28
02-Jun-21,0.01471,110.12109,-0.17677,0.8272,23402.28
03-Jun-21,0.00467,109.83203,-0.0584,0.8272,23402.28
04-Jun-21,-0.00276,110.29297,0.0388,0.8272,23402.28
07-Jun-21,-0.00355,110.20703,0.05224,0.8272,23402.28
08-Jun-21,-0.02128,110.45312,0.32771,0.8272,23402.28
09-Jun-21,-0.01977,110.67969,0.31902,0.8272,23402.28
10-Jun-21,-0.00086,110.82025,0.01455,0.8272,23402.28
11-Jun-21,0.0097,110.73047,-0.19544,0.8272,23402.28
14-Jun-21,-0.0274,110.45312,0.5905,0.8272,23402.28
15-Jun-21,-0.03273,110.45312,0.75566,0.8272,23402.28
16-Jun-21,-0.04631,109.82447,1.15802,0.8272,23402.28
17-Jun-21,-0.01949,110.01172,0.52705,0.8272,23402.28
18-Jun-21,-0.00428,110.21094,0.1541,0.8272,23402.28
21-Jun-21,-0.02475,110.98438,0.09007,0.8338,27805.28
22-Jun-21,-0.02615,111.10547,0.09536,0.8338,27805.28
23-Jun-21,-0.0294,110.95114,0.10706,0.8338,27805.28
24-Jun-21,-0.0066,110.95312,0.03201,0.8338,27805.28
25-Jun-21,-0.00395,110.67188,0.02362,0.8338,27805.28
28-Jun-21,-0.00286,111.00391,0.01993,0.8338,27805.28
29-Jun-21,-0.01461,110.98438,0.06134,0.8338,27805.28
30-Jun-21,0.00088,111.1875,0.00687,0.8338,27805.28
01-Jul-21,-0.01467,110.96875,0.0627,0.8338,27805.28
02-Jul-21,0.00586,111.29688,-0.01196,0.8338,27805.28
06-Jul-21,-0.00093,111.73828,0.0135,0.8338,27805.28
07-Jul-21,-0.00501,112,0.0291,0.8338,27805.28
08-Jul-21,-0.02303,112.26081,0.09864,0.8338,27805.28
09-Jul-21,-0.0181,111.85156,0.08253,0.8338,27805.28
12-Jul-21,-0.02073,111.82812,0.09413,0.8338,27805.28
13-Jul-21,-0.00495,111.48438,0.03039,0.8338,27805.28
14-Jul-21,-0.00519,111.86719,0.03159,0.8338,27805.28
15-Jul-21,-0.00668,112.14453,0.03807,0.8338,27805.28
16-Jul-21,-0.00546,112.10938,0.03391,0.8338,27805.28
19-Jul-21,-0.0033,112.85938,0.02453,0.8338,27805.28
20-Jul-21,-0.01374,112.82812,0.07144,0.8338,27805.28
21-Jul-21,-0.01695,112.34812,0.08725,0.8338,27805.28
22-Jul-21,-0.02142,112.45312,0.10891,0.8338,27805.28
23-Jul-21,-0.01626,112.34375,0.08854,0.8338,27805.28
26-Jul-21,-0.01371,112.39062,0.07724,0.8338,27805.28
27-Jul-21,-0.00475,112.61328,0.03361,0.8338,27805.28
28-Jul-21,-0.01901,112.42188,0.10614,0.8338,27805.28
29-Jul-21,-0.01121,112.38281,0.06762,0.8338,27805.28
30-Jul-21,0.00421,112.57031,-0.01272,0.8338,27805.28
02-Aug-21,-0.00258,113.01172,0.02407,0.8338,27805.28
03-Aug-21,-0.01042,112.99609,0.06792,0.8338,27805.28
04-Aug-21,-0.00386,112.85156,0.03188,0.8338,27805.28
05-Aug-21,-0.02328,112.55078,0.14459,0.8338,27805.28
06-Aug-21,-0.00101,112.13281,0.01619,0.8338,27805.28
09-Aug-21,-0.01396,111.92969,0.09751,0.8338,27805.28
10-Aug-21,-0.00607,111.73438,0.04889,0.8338,27805.28
11-Aug-21,-0.00091,111.75781,0.01595,0.8338,27805.28
12-Aug-21,-0.0031,111.64062,0.05067,0.8338,27805.28
13-Aug-21,-0.00121,112.03906,0.01856,0.8338,27805.28
16-Aug-21,-0.01703,112.32812,0.13326,0.8338,27805.28
17-Aug-21,-0.00011,112.28516,0.01081,0.8338,27805.28
18-Aug-21,-0.00139,112.17188,0.02052,0.8338,27805.28
19-Aug-21,-0.02103,112.30078,0.17336,0.8338,27805.28
20-Aug-21,-0.01583,112.11328,0.14281,0.8338,27805.28
23-Aug-21,-0.01981,112.17969,0.1806,0.8338,27805.28
24-Aug-21,-0.00801,111.98828,0.08105,0.8338,27805.28
25-Aug-21,-0.00918,111.67969,0.09396,0.8338,27805.28
26-Aug-21,-0.01441,111.64062,0.14565,0.8338,27805.28
27-Aug-21,-0.00031,111.87891,0.01323,0.8338,27805.28
30-Aug-21,0.00736,112.07422,-0.06821,0.8338,27805.28
31-Aug-21,0.00997,112.00391,-0.09965,0.8338,27805.28
01-Sep-21,0.00994,111.99609,-0.10321,0.8338,27805.28
02-Sep-21,0.00336,112.04688,-0.02967,0.8338,27805.28
03-Sep-21,-0.01754,111.89062,0.25344,0.8338,27805.28
07-Sep-21,0.01385,111.60156,-0.19144,0.8338,27805.28
08-Sep-21,-0.00973,111.76562,0.15799,0.8338,27805.28
09-Sep-21,-0.00205,111.96094,0.04276,0.8338,27805.28
10-Sep-21,0.00582,111.67188,-0.09937,0.8338,27805.28
13-Sep-21,-0.01512,111.77344,0.31181,0.8338,27805.28
14-Sep-21,-0.00747,112.00781,0.1687,0.8338,27805.28
15-Sep-21,-0.0022,111.83594,0.06012,0.8338,27805.28
16-Sep-21,0.01093,111.59375,-0.25884,0.8338,27805.28
17-Sep-21,0.01227,111.32422,-0.3834,0.8338,27805.28
20-Sep-21,0.01855,111.6875,-0.64843,0.8338,27805.28
21-Sep-21,0.00011,111.82031,0.0407,0.8338,27808.28
22-Sep-21,0.05063,111.69397,-0.12388,0.8338,27808.28
23-Sep-21,-0.01476,111.11328,0.08776,0.8338,27808.28
24-Sep-21,-0.00458,110.80078,0.05467,0.8338,27808.28
27-Sep-21,-0.01494,110.59766,0.09995,0.8338,27808.28
28-Sep-21,-0.00716,110.32422,0.0734,0.8338,27808.28
29-Sep-21,0.00051,110.32422,0.04658,0.8338,27808.28
30-Sep-21,-0.00794,110.42578,0.07517,0.8338,27808.28
01-Oct-21,-0.01641,110.86328,0.10711,0.8338,27808.28
04-Oct-21,-0.00876,110.78516,0.07917,0.8338,27808.28
05-Oct-21,-0.01746,110.48438,0.10427,0.8338,27808.28
06-Oct-21,-0.00254,110.47656,0.05574,0.8338,27808.28
07-Oct-21,-0.00296,110.19531,0.05595,0.8338,27808.28
08-Oct-21,-0.00221,109.95703,0.05307,0.8338,27808.28
12-Oct-21,-0.0063,109.94531,0.06987,0.8338,27808.28
13-Oct-21,-0.00129,110.00781,0.04911,0.8338,27808.28
14-Oct-21,-0.00184,110.23438,0.0502,0.8338,27808.28
15-Oct-21,-0.00555,109.76562,0.06284,0.8338,27808.28
18-Oct-21,-0.016,109.57812,0.11005,0.8338,27808.28
19-Oct-21,0.00328,109.42188,0.01654,0.8338,27808.28
20-Oct-21,-0.01119,109.46484,0.08296,0.8338,27808.28
21-Oct-21,-0.00879,109.08203,0.07123,0.8338,27808.28
22-Oct-21,-0.00653,109.19141,0.06193,0.8338,27808.28
25-Oct-21,-0.00762,109.36328,0.0762,0.8338,27808.28
26-Oct-21,0.00787,109.41016,-0.00124,0.8338,27808.28
27-Oct-21,-0.00811,109.85547,0.07967,0.8338,27808.28
28-Oct-21,-0.00805,109.49609,0.08017,0.8338,27808.28
29-Oct-21,-0.00057,109.44141,0.04149,0.8338,27808.28
01-Nov-21,-0.00848,109.38672,0.08542,0.8338,27808.28
02-Nov-21,-0.00352,109.64453,0.05819,0.8338,27808.28
03-Nov-21,-0.01006,109.46094,0.09611,0.8338,27808.28
04-Nov-21,-0.00591,109.91016,0.09133,0.8338,27808.28
05-Nov-21,-0.00186,110.32422,0.04978,0.8338,27808.28
08-Nov-21,0.01126,109.88672,-0.03215,0.8338,27808.28
09-Nov-21,-0.0063,110.32031,0.06006,0.8338,27808.28
10-Nov-21,0.00058,109.38672,0.01612,0.8338,27808.28
12-Nov-21,-0.00212,109.19141,0.03507,0.8338,27808.28
15-Nov-21,-0.00207,108.98828,0.03511,0.8338,27808.28
16-Nov-21,0.00834,108.88672,-0.04224,0.8338,27808.28
17-Nov-21,0.00425,109.10938,-0.01236,0.8338,27808.28
18-Nov-21,0.00543,109.20703,-0.02234,0.8338,27808.28
19-Nov-21,0.00772,109.43359,-0.04465,0.8338,27808.28
22-Nov-21,0.00284,108.69141,-0.0046,0.8338,27808.28
23-Nov-21,0.00559,108.50401,-0.02973,0.8338,27808.28
24-Nov-21,0.00534,108.52734,-0.03025,0.8338,27808.28
26-Nov-21,0.0371,109.65625,-0.35782,0.8338,27808.28
29-Nov-21,0.01627,109.52344,-0.15117,0.8338,27808.28
30-Nov-21,0.0143,109.92969,-0.12488,0.8338,27808.28
01-Dec-21,0.01026,109.99609,-0.08487,0.8338,27808.28
02-Dec-21,0.0025,109.70703,0.00094,0.8338,27808.28
03-Dec-21,-0.00726,110.35156,0.12395,0.8338,27808.28
06-Dec-21,-0.0083,109.69141,0.1426,0.8338,27808.28
07-Dec-21,0.00216,109.43359,-0.00071,0.8338,27808.28
08-Dec-21,-0.0083,109.32422,0.15313,0.8338,27808.28
09-Dec-21,-0.00585,109.44922,0.12092,0.8338,27808.28
10-Dec-21,-0.00408,109.44141,0.09399,0.8338,27808.28
13-Dec-21,-0.03559,109.75391,0.70081,0.8338,27808.28
14-Dec-21,-0.00951,109.58984,0.21353,0.8338,27808.28
15-Dec-21,-0.03294,109.44141,0.73613,0.8338,27808.28
16-Dec-21,-0.02547,109.94922,0.61051,0.8338,27808.28
17-Dec-21,-0.0348,109.96875,1.04641,0.8338,27808.28
20-Dec-21,-0.03126,109.96484,1.02428,0.8338,27808.28
21-Dec-21,-0.01675,111.42188,0.10494,0.8471,31811.28
22-Dec-21,-0.01724,111.55859,0.10667,0.8471,31811.28
23-Dec-21,-0.04961,111.35938,0.21347,0.8471,31811.28
24-Dec-21,N/A,N/A,N/A,N/A,N/A
27-Dec-21,-0.01329,111.375,0.09466,0.8471,31811.28
28-Dec-21,-0.00936,111.41016,0.08136,0.8471,31811.28
29-Dec-21,-0.01377,111.06641,0.09748,0.8471,31811.28
30-Dec-21,-0.01205,111.21875,0.09073,0.8471,31811.28
31-Dec-21,-0.00447,111.25391,0.06376,0.8471,31811.28
03-Jan-22,-0.01997,110.35938,0.11159,0.8471,31811.28
04-Jan-22,-0.01582,110.22266,0.09668,0.8471,31811.28
05-Jan-22,0.01703,109.85156,0.0665,0.8471,31811.28
06-Jan-22,0.00341,109.58984,0.02161,0.8471,31811.28
07-Jan-22,-0.00147,109.35938,0.04718,0.8471,31811.28
10-Jan-22,-0.00567,109.21484,0.06253,0.8471,31811.28
11-Jan-22,-0.00284,109.42202,0.04628,0.8471,31811.28
12-Jan-22,-0.00484,109.57031,0.0549,0.8471,31811.28
13-Jan-22,-0.01096,109.67578,0.07716,0.8471,31811.28
14-Jan-22,-0.00815,109.19531,0.06317,0.8471,31811.28
18-Jan-22,-0.01289,108.49219,0.09341,0.8471,31811.28
19-Jan-22,-0.00583,108.74219,0.06088,0.8471,31811.28
20-Jan-22,-0.01201,108.75391,0.09096,0.8471,31811.28
21-Jan-22,-0.01062,109.24609,0.08529,0.8471,31811.28
24-Jan-22,-0.01846,109.40234,0.12264,0.8471,31811.28
25-Jan-22,-0.01888,109.0625,0.12654,0.8471,31811.28
26-Jan-22,-0.00191,108.55469,0.04005,0.8471,31811.28
27-Jan-22,-0.00634,108.64578,0.1437,0.8471,31811.28
28-Jan-22,-0.02225,108.87109,0.15219,0.8471,31811.28
31-Jan-22,-0.02328,108.875,0.15875,0.8471,31811.28
01-Feb-22,-0.02665,108.78516,0.17202,0.8471,31811.28
02-Feb-22,-0.03062,108.98438,0.19775,0.8471,31811.28
03-Feb-22,-0.02971,108.56641,0.19625,0.8471,31811.28
04-Feb-22,-0.0206,107.80859,0.14966,0.8471,31811.28
07-Feb-22,-0.0342,107.90554,0.24047,0.8471,31811.28
08-Feb-22,-0.01258,107.64062,0.10187,0.8471,31811.28
09-Feb-22,-0.00897,107.78125,0.07901,0.8471,31811.28
10-Feb-22,-0.03287,106.94141,0.24715,0.8471,31811.28
11-Feb-22,-0.03743,107.41406,0.29503,0.8471,31811.28
14-Feb-22,-0.02066,107.07812,0.175,0.8471,31811.28
15-Feb-22,-0.02688,106.85156,0.2273,0.8471,31811.28
16-Feb-22,-0.01417,106.92188,0.13098,0.8471,31811.28
17-Feb-22,-0.02959,107.41406,0.25834,0.8471,31811.28
18-Feb-22,-0.01955,107.60156,0.19368,0.8471,31811.28
22-Feb-22,-0.01078,107.42969,0.11787,0.8471,31811.28
23-Feb-22,-0.0086,107.26447,0.10007,0.8471,31811.28
24-Feb-22,-0.02488,107.39844,0.26157,0.8471,31811.28
25-Feb-22,-0.00135,107.21094,0.03274,0.8471,31811.28
28-Feb-22,0.0037,108.22656,-0.02246,0.8471,31811.28
01-Mar-22,-0.00513,109.28125,0.07602,0.8471,31811.28
02-Mar-22,0.00326,108.08984,-0.02019,0.8471,31811.28
03-Mar-22,-0.03197,108.25781,0.40857,0.8471,31811.28
04-Mar-22,-0.018,109.05859,0.37369,0.8471,31811.28
07-Mar-22,-0.03711,108.64844,0.64382,0.8471,31811.28
08-Mar-22,-0.02386,107.88672,0.45833,0.8471,31811.28
09-Mar-22,-0.01111,107.40234,0.26105,0.8471,31811.28
10-Mar-22,-0.01537,106.96875,0.29871,0.8471,31811.28
11-Mar-22,-0.02206,106.87109,0.46115,0.8471,31811.28
14-Mar-22,-0.01582,105.96875,0.3609,0.8471,31811.28
15-Mar-22,-0.01706,105.83984,0.41123,0.8471,31811.28
16-Mar-22,-0.05742,105.47656,1.65433,0.8471,31811.28
17-Mar-22,-0.03221,105.54688,1.10487,0.8471,31811.28
18-Mar-22,-0.02217,105.78516,1.0051,0.8471,31811.28
21-Mar-22,-0.04102,104.59375,1.81094,0.8471,31811.28
22-Mar-22,-0.00964,101.25,0.66007,0.8205,25802.29
23-Mar-22,0.00989,101.58203,0.59687,0.8205,25802.29
24-Mar-22,0.02051,101.40625,0.56404,0.8205,25802.29
25-Mar-22,0.0306,100.26953,0.53814,0.8205,25802.29
28-Mar-22,0.02792,100.39062,0.54268,0.8205,25802.29
29-Mar-22,0.01614,100.88281,0.59759,0.8205,25802.29
30-Mar-22,0.04123,101.14453,0.50358,0.8205,25802.29
31-Mar-22,0.04012,101.34375,0.50285,0.8205,25802.29
01-Apr-22,0.02944,100.7917,0.54198,0.8205,25802.29
04-Apr-22,0.03,100.66406,0.56968,0.8205,25802.29
05-Apr-22,0.02354,99.69141,0.59838,0.8205,25802.29
06-Apr-22,0.03442,99.5,0.57164,0.8205,25802.29
07-Apr-22,0.03124,99.375,0.5895,0.8205,25802.29
08-Apr-22,0.01796,99,0.64591,0.8205,25802.29
11-Apr-22,0.02047,98.6875,0.64489,0.8205,25802.29
12-Apr-22,0.01133,99.28906,0.67954,0.8205,25802.29
13-Apr-22,0.02792,99.54688,0.58609,0.8205,25802.29
14-Apr-22,0.03035,98.8125,0.62385,0.8205,25802.29
18-Apr-22,0.00804,98.54302,0.72834,0.8205,25802.29
19-Apr-22,0.02866,98.12109,0.63259,0.8205,25802.29
20-Apr-22,0.02882,98.43359,0.64349,0.8205,25802.29
21-Apr-22,0.02156,97.79839,0.72377,0.8205,25802.29
22-Apr-22,0.02583,97.9375,0.71652,0.8205,25802.29
25-Apr-22,0.01925,98.47656,0.75128,0.8205,25802.29
26-Apr-22,0.02564,98.83594,0.71684,0.8205,25802.29
27-Apr-22,0.03117,98.63281,0.67635,0.8205,25802.29
28-Apr-22,0.04011,98.26562,0.69544,0.8205,25802.29
29-Apr-22,0.02608,98.06641,0.79895,0.8205,25802.29
02-May-22,0.01147,97.38281,0.87972,0.8205,25802.29
03-May-22,0.02662,97.53125,0.79931,0.8205,25802.29
04-May-22,0.01853,98.04688,0.82724,0.8205,25802.29
05-May-22,0.02234,97.14844,0.8082,0.8205,25802.29
06-May-22,0.02857,96.92578,0.7356,0.8205,25802.29
09-May-22,0.01275,97.22656,0.83767,0.8205,25802.29
10-May-22,0.01545,97.71094,0.81754,0.8205,25802.29
11-May-22,0.00932,98.09766,0.85664,0.8205,25802.29
12-May-22,0.01085,98.69922,0.82186,0.8205,25802.29
13-May-22,0.00794,98.00391,0.83465,0.8205,25802.29
16-May-22,0.01023,98.40625,0.8555,0.8205,25802.29
17-May-22,0.00864,97.73438,0.86401,0.8205,25802.29
18-May-22,0.02513,98.21875,0.73046,0.8205,25802.29
19-May-22,0.03194,98.4375,0.6752,0.8205,25802.29
20-May-22,0.01358,98.75,0.83936,0.8205,25802.29
23-May-22,0.00763,98.29297,0.87647,0.8205,25802.29
24-May-22,0.00728,98.9375,0.91553,0.8205,25802.29
25-May-22,0.00918,99.11328,0.9034,0.8205,25802.29
26-May-22,0.02475,99.12039,0.77757,0.8205,25802.29
27-May-22,0.00936,99,0.9018,0.8205,25802.29
31-May-22,0.00494,98.46875,0.91739,0.8205,25802.29
01-Jun-22,0.00574,97.8125,0.89332,0.8205,25802.29
02-Jun-22,-0.00522,97.99219,0.99708,0.8205,25802.29
03-Jun-22,-0.0163,97.77734,1.13586,0.8205,25802.29
06-Jun-22,-0.00752,97.28125,1.21781,0.8205,25802.29
07-Jun-22,-0.00354,97.69141,1.14887,0.8205,25802.29
08-Jun-22,-0.00745,97.40234,1.20292,0.8205,25802.29
09-Jun-22,-0.00878,97.24609,1.17606,0.8205,25802.29
10-Jun-22,-0.02351,96.30859,1.51659,0.8205,25802.29
13-Jun-22,-0.05013,95.03516,2.16328,0.8205,25802.29
14-Jun-22,-0.05058,94.35156,2.24489,0.8205,25802.29
15-Jun-22,-0.04272,94.94531,2.0878,0.8205,25802.29
16-Jun-22,-0.01408,95.48828,1.89744,0.8205,25802.29
17-Jun-22,0.00604,95.77734,1.24158,0.8205,25802.29
21-Jun-22,0.02503,96.80762,1.94425,0.8338,27804.29
22-Jun-22,0.01296,97.75781,1.96723,0.8338,27804.29
23-Jun-22,0.01258,98.33979,1.96232,0.8338,27804.29
24-Jun-22,-0.00417,98.05859,2.01881,0.8338,27804.29
27-Jun-22,0.00577,97.60938,2.04342,0.8338,27804.29
28-Jun-22,0.00455,97.51422,2.05202,0.8338,27804.29
29-Jun-22,-0.01392,98.18359,2.06116,0.8338,27804.29
30-Jun-22,0.00237,99.04297,1.98473,0.8338,27804.29
01-Jul-22,-0.01285,99.62891,2.04309,0.8338,27804.29
05-Jul-22,-0.0107,100.14453,2.15483,0.8338,27804.29
06-Jul-22,0.00942,99.42969,2.10008,0.8338,27804.29
07-Jul-22,0.00271,98.76562,2.16003,0.8338,27804.29
08-Jul-22,0.00533,98.22266,2.18603,0.8338,27804.29
11-Jul-22,0.0236,98.85938,2.1122,0.8338,27804.29
12-Jul-22,0.01231,99.07812,2.17039,0.8338,27804.29
13-Jul-22,0.01882,99.26562,2.31486,0.8338,27804.29
14-Jul-22,0.01412,98.92188,2.27851,0.8338,27804.29
15-Jul-22,0.02032,99.04688,2.21513,0.8338,27804.29
18-Jul-22,-0.00321,98.87891,2.33259,0.8338,27804.29
19-Jul-22,-0.01414,98.45312,2.38035,0.8338,27804.29
20-Jul-22,-0.00281,98.30078,2.3569,0.8338,27804.29
21-Jul-22,0.0055,99.23438,2.35063,0.8338,27804.29
22-Jul-22,0.01011,100.05469,2.31274,0.8338,27804.29
25-Jul-22,-0.0022,99.84786,2.37193,0.8338,27804.29
26-Jul-22,-0.00304,100.01562,2.37005,0.8338,27804.29
27-Jul-22,-0.00135,100.48438,2.35377,0.8338,27804.29
28-Jul-22,0.00817,100.95312,2.33748,0.8338,27804.29
29-Jul-22,0.0062,101.07812,2.34377,0.8338,27804.29
01-Aug-22,0.00899,101.26172,2.32511,0.8338,27804.29
02-Aug-22,0.00691,100.22937,2.36038,0.8338,27804.29
03-Aug-22,-0.02029,100.17578,2.5263,0.8338,27804.29
04-Aug-22,0.01061,100.73438,2.35277,0.8338,27804.29
05-Aug-22,0.00654,99.59375,2.40358,0.8338,27804.29
08-Aug-22,-0.00343,99.99219,2.42359,0.8338,27804.29
09-Aug-22,-0.0019,99.67969,2.42249,0.8338,27804.29
10-Aug-22,-0.00014,99.90234,2.40101,0.8338,27804.29
11-Aug-22,-0.00453,99.35156,2.43239,0.8338,27804.29
12-Aug-22,-0.0033,99.49219,2.4249,0.8338,27804.29
15-Aug-22,0.00135,99.85938,2.38843,0.8338,27804.29
16-Aug-22,0.0123,99.60938,2.29895,0.8338,27804.29
17-Aug-22,0.0018,99.07812,2.38411,0.8338,27804.29
18-Aug-22,0.01617,99.15625,2.26056,0.8338,27804.29
19-Aug-22,0.02104,98.54688,2.20387,0.8338,27804.29
22-Aug-22,0.01418,98.21484,2.25508,0.8338,27804.29
23-Aug-22,0.02297,98.14453,2.16357,0.8338,27804.29
24-Aug-22,0.01582,97.82422,2.22893,0.8338,27804.29
25-Aug-22,0.01657,98.26562,2.21729,0.8338,27804.29
26-Aug-22,0.01744,98.09375,2.19107,0.8338,27804.29
29-Aug-22,0.01364,97.63281,2.23847,0.8338,27804.29
30-Aug-22,0.01747,97.60938,2.18646,0.8338,27804.29
31-Aug-22,0.00946,97.49609,2.27996,0.8338,27804.29
01-Sep-22,-0.00188,96.74219,2.42534,0.8338,27804.29
02-Sep-22,0.00254,97.30078,2.36042,0.8338,27804.29
06-Sep-22,0.00489,96.42969,2.33062,0.8338,27804.29
07-Sep-22,0.00662,96.89844,2.29853,0.8338,27804.29
08-Sep-22,0.0019,95.95312,2.37545,0.8272,23405.29
09-Sep-22,-0.00288,96.51953,2.46819,0.8338,27804.29
12-Sep-22,-0.00557,96.39844,2.53011,0.8338,27804.29
13-Sep-22,-0.00716,95.83594,2.57542,0.8338,27804.29
14-Sep-22,-0.0006,95.86719,2.42402,0.8338,27804.29
15-Sep-22,-0.01405,94.70312,2.78752,0.8272,23405.29
16-Sep-22,-0.01746,95.67578,2.99954,0.8338,27804.29
19-Sep-22,0.00702,95.35938,0.47926,0.8338,27804.29
20-Sep-22,0.0049,94.17578,1.24354,0.8272,23405.29
21-Sep-22,-0.02002,98.54482,1.09022,0.8628,31211.29
22-Sep-22,-0.09576,98.75247,1.38257,0.8765,33411.29
23-Sep-22,0.01948,96.13672,3.40726,0.8538,31406.29
26-Sep-22,-0.15534,99.01878,1.67091,0.8902,40011.29
27-Sep-22,-0.18393,98.57478,1.80141,0.8902,40011.29
28-Sep-22,-0.0255,96.29688,3.64185,0.8538,31406.29
29-Sep-22,-0.01604,95.96951,3.54285,0.8538,31406.29
30-Sep-22,-0.01325,95.63219,3.59151,0.8538,31406.29
03-Oct-22,0.01151,96.62225,3.45657,0.8538,31406.29
04-Oct-22,0.00667,96.86724,3.50585,0.8538,31406.29
05-Oct-22,0.01029,96.04793,3.4879,0.8538,31406.29
06-Oct-22,0.00851,95.53708,3.53637,0.8538,31406.29
07-Oct-22,0.00438,95.14804,3.58408,0.8538,31406.29
11-Oct-22,0.00881,94.85938,3.56375,0.8538,31406.29
12-Oct-22,0.00359,95.1463,3.608,0.8538,31406.29
13-Oct-22,0.0003,94.73827,3.69055,0.8538,31406.29
14-Oct-22,0.01257,94.39453,3.58929,0.8538,31406.29
17-Oct-22,0.00802,94.48047,3.65535,0.8538,31406.29
18-Oct-22,0.00658,94.65269,3.6665,0.8538,31406.29
19-Oct-22,0.00515,93.87894,3.70427,0.8538,31406.29
20-Oct-22,-0.00004,93.32611,3.78885,0.8538,31406.29
21-Oct-22,0.00852,93.70942,3.70766,0.8538,31406.29
24-Oct-22,0.00886,93.65605,3.71891,0.8538,31406.29
25-Oct-22,0.01211,94.36311,3.70096,0.8538,31406.29
26-Oct-22,0.00211,94.80639,3.80447,0.8538,31406.29
27-Oct-22,0.01392,95.31973,3.72792,0.8538,31406.29
28-Oct-22,0.00847,94.73274,3.7915,0.8538,31406.29
31-Oct-22,0.03455,94.40322,3.60226,0.8538,31406.29
01-Nov-22,0.01701,94.37645,3.78693,0.8538,31406.29
02-Nov-22,0.00903,94.41016,3.88652,0.8538,31406.29
03-Nov-22,0.00981,93.17969,3.71044,0.8471,31808.29
04-Nov-22,0.00563,93.19531,3.71996,0.8471,31808.29
07-Nov-22,0.01545,93.58984,3.70786,0.8538,31406.29
08-Nov-22,0.00226,94.12442,3.91533,0.8538,31406.29
09-Nov-22,0.00938,94.17188,3.80699,0.8538,31406.29
10-Nov-22,0.00881,96.0424,3.77952,0.8538,31406.29
14-Nov-22,0.01385,95.7167,3.64254,0.8538,31406.29
15-Nov-22,0.01899,96.09414,3.55583,0.8538,31406.29
16-Nov-22,0.02776,96.65104,3.29491,0.8538,31406.29
17-Nov-22,0.02797,96.16016,3.23756,0.8538,31406.29
18-Nov-22,0.02077,95.88904,2.90291,0.8538,31406.29
21-Nov-22,0.0124,95.88672,3.50643,0.8538,31406.29
22-Nov-22,0.02253,96.15237,2.9635,0.8538,31406.29
23-Nov-22,-0.00527,96.42188,4.32782,0.8538,31406.29
25-Nov-22,0.01179,96.51172,2.55796,0.8538,31406.29
28-Nov-22,0.05235,96.46095,-5.63075,0.8538,31406.29
29-Nov-22,0.02838,96.26562,-6.46292,0.8538,31406.29
30-Nov-22,0.03518,96.69922,-8.89121,0.8538,31406.29
01-Dec-22,0.05873,97.63672,-2.85466,0.8538,31406.29
02-Dec-22,0.04217,97.67969,-11.19936,0.8538,31406.29
05-Dec-22,0.03601,97.01953,-8.90857,0.8538,31406.29
06-Dec-22,0.03483,97.44531,-8.46201,0.8538,31406.29
07-Dec-22,0.04516,98.10938,-12.15626,0.8538,31406.29
08-Dec-22,0.05641,97.54297,-2.81126,0.8538,31406.29
09-Dec-22,0.05075,97.23438,-14.2591,0.8538,31406.29
12-Dec-22,0.00474,96.98828,2.52081,0.8538,31406.29
13-Dec-22,0.02518,97.80859,-4.70688,0.8538,31406.29
14-Dec-22,0.02946,97.74609,-6.23429,0.8538,31406.29
15-Dec-22,0.03417,97.95703,0.36096,0.8538,31406.29
16-Dec-22,-0.00874,97.89453,7.65788,0.8538,31406.29
19-Dec-22,-0.01427,97.35547,9.67855,0.8538,31406.29
20-Dec-22,-0.01508,100.54688,4.56649,0.887,37809.29
21-Dec-22,-0.01719,101.35938,4.57515,0.8937,40010.29
22-Dec-22,-0.02519,100.55141,4.63716,0.887,37809.29
23-Dec-22,-0.01825,100.15234,4.6144,0.887,37809.29
27-Dec-22,-0.0212,100.26562,4.63316,0.8937,40010.29
28-Dec-22,-0.02511,99.36719,4.64834,0.887,37809.29
29-Dec-22,-0.01175,99.60344,4.5654,0.887,37809.29
30-Dec-22,-0.01945,100.25185,4.61489,0.8937,40010.29
03-Jan-23,-0.01182,99.7891,4.58679,0.887,37809.29
04-Jan-23,-0.01665,100.26797,4.61898,0.887,37809.29
05-Jan-23,-0.0245,100.11328,4.65576,0.887,37809.29
06-Jan-23,-0.00146,101.20312,4.49867,0.887,37809.29
09-Jan-23,-0.02014,101.54713,4.61274,0.887,37809.29
