,Datetime,iPCA,DFF,WALCL,riPCA,rFFR,rBS
0,2018-01-10,0.917723468,1.42,4446062.0,,,
1,2018-01-17,0.910857793,1.42,4439145.0,,,
2,2018-01-24,0.909312812,1.42,4441317.0,,,
3,2018-01-31,0.913662777,1.34,4419225.0,,,
4,2018-02-07,0.906348845,1.42,4420745.0,0.9315209460471294,3.0840455840455845,1.9189838952429736
5,2018-02-14,0.908689857,1.42,4434863.0,0.9320136274094709,3.078199052132702,1.9188710560893567
6,2018-02-21,0.919789622,1.42,4411660.0,0.9307453767742321,3.0740365111561867,1.920226045727831
7,2018-02-28,0.920249397,1.35,4393401.0,0.9297379435071791,3.090098126672614,1.9222343248616678
8,2018-03-07,0.923405314,1.42,4396097.0,0.9285996704498352,3.085510688836105,1.9236689189112797
9,2018-03-14,0.931646848,1.42,4407258.0,0.9268565382631709,3.0818505338078297,1.9243322059129324
10,2018-03-21,0.93122866,1.44,4401222.0,0.9254735436976232,3.074887023886378,1.9251142462728856
11,2018-03-28,0.928667719,1.68,4392198.0,0.9245389701689526,3.0262085032032617,1.926094301526325
12,2018-04-04,0.927869308,1.69,4386104.0,0.9238113711824796,2.9846235418875926,1.9271289731951238
13,2018-04-11,0.927546973,1.69,4383684.0,0.9232117349063852,2.9498783454987834,1.9280922512060736
14,2018-04-18,0.931975765,1.69,4385903.0,0.9223967549554772,2.9204136690647484,1.9288631742941735
15,2018-04-25,0.933141971,1.7,4372886.0,0.921611915107719,2.89390142021721,1.9298943440665108
16,2018-05-02,0.930044845,1.7,4356129.0,0.9211025095930393,2.8709048361934477,1.9312371548839953
17,2018-05-09,0.932924096,1.7,4358207.0,0.9204905404022395,2.850768105340161,1.932381661756352
18,2018-05-16,0.933842235,1.7,4337609.0,0.9198955200928965,2.8329889807162534,1.9338833048997641
19,2018-05-23,0.933184546,1.7,4337301.0,0.9193933924608201,2.8171763175016267,1.9352435599697801
20,2018-05-30,0.929930503,1.7,4327519.0,0.9190936799614782,2.803020961775586,1.9366812600330185
21,2018-06-06,0.931661364,1.7,4319191.0,0.9187431709610017,2.790275336848272,1.9381572472774187
22,2018-06-13,0.933292242,1.7,4324906.0,0.9183529443171558,2.778738839285715,1.939396991843765
23,2018-06-20,0.931843573,1.92,4315896.0,0.9180554349090517,2.7521186440677967,1.9407010047702595
24,2018-06-27,0.93164225,1.91,4305491.0,0.9177898846366677,2.728762288883287,1.9420867478162773
25,2018-07-11,0.933880928,1.91,4291201.0,0.9174595395559096,2.7075517075517075,1.9436116726455959
26,2018-07-18,0.936368966,1.91,4291615.0,0.9170626025729414,2.688204184870085,1.9450189583827544
27,2018-07-25,0.93621125,1.91,4277681.0,0.9166998998385889,2.6704845814977975,1.9465491655141665
28,2018-08-01,0.937629078,1.91,4255653.0,0.9163141241506769,2.6541957302895796,1.9483148679995839
29,2018-08-08,0.942590474,1.91,4258030.0,0.9157909924651954,2.639171068671272,1.9499303371115986
30,2018-08-15,0.938395009,1.91,4228924.0,0.9154356951886443,2.625268922354782,1.9518643762123324
31,2018-08-22,0.935132827,1.92,4228818.0,0.9152033986582168,2.6118755890669183,1.9536825116420147
32,2018-08-29,0.938610192,1.92,4218914.0,0.9148814091825054,2.5994178642896126,1.9555284404389919
33,2018-09-05,0.939783034,1.92,4208496.0,0.9145445891059549,2.5878010195113377,1.9574069616923013
34,2018-09-12,0.945444742,1.92,4210812.0,0.9140680498960554,2.576942696820269,1.9591515926564007
35,2018-09-19,0.945071032,1.92,4208059.0,0.9136286450587268,2.5667709534002965,1.9608367182329989
36,2018-09-26,0.947424064,1.93,4192909.0,0.9131509275232812,2.556814554739866,1.9626187978734762
37,2018-10-03,0.944332941,2.18,4174704.0,0.912778620009151,2.537631091918569,1.9645273830032706
38,2018-10-10,0.952611171,2.18,4176906.0,0.9122176294090261,2.5196956132497763,1.9663158659678035
39,2018-10-17,0.95021149,2.19,4175446.0,0.9117440517365604,2.5025285363386796,1.9680345608028196
40,2018-10-24,0.94682168,2.2,4173070.0,0.9113748962384832,2.486066377258087,1.969698635047863
41,2018-10-31,0.947939494,2.2,4139731.0,0.9109975850635492,2.4705882352941178,1.9716487331206223
42,2018-11-07,0.952380348,2.2,4141936.0,0.9105372692585302,2.4560084421580264,1.97348825295283
43,2018-11-14,0.949742893,2.2,4145892.0,0.91015678277128,2.4422509934623764,1.9752061306502882
44,2018-11-21,0.954979478,2.2,4106198.0,0.909680086504211,2.4292482234135395,1.977255730679426
45,2018-11-28,0.95230345,2.2,4097170.0,0.9092812220030925,2.4169396917849775,1.9793105758100207
46,2018-12-12,0.950744007,2.19,4088314.0,0.9089319379019604,2.405555555555556,1.9813689336101912
47,2018-12-19,0.946272978,2.2,4084274.0,0.9086880248974325,2.394470046082949,1.9833844654724542
48,2018-12-26,0.935763565,2.4,4075636.0,0.9086626876606206,2.3785874439461883,1.9854032641570376
49,2019-01-02,0.929160921,2.4,4058378.0,0.9087667765988602,2.36353711790393,1.9875054331831754
50,2019-01-09,0.931577084,2.4,4056563.0,0.9088207224658801,2.3492553191489365,1.989545919820221
51,2019-01-16,0.929292193,2.4,4050044.0,0.9089153460392627,2.3356846473029047,1.9915703276603292
52,2019-01-23,0.935755415,2.4,4047052.0,0.9088877689603077,2.322773279352227,1.9935486075926254
53,2019-01-30,0.935565586,2.4,4039678.0,0.9088646344543918,2.310474308300395,1.995521252001972
54,2019-02-06,0.93893954,2.4,4026350.0,0.9087826749189177,2.298745173745174,1.9975395111201715
55,2019-02-13,0.945958663,2.4,4028431.0,0.908581787528852,2.287547169811321,1.999472096685376
56,2019-02-20,0.947896746,2.4,3981420.0,0.9083549932579156,2.2768450184501843,2.001728796624465
57,2019-02-27,0.944600636,2.4,3974590.0,0.9081913237049031,2.2666064981949456,2.0039681039904518
58,2019-03-06,0.945429673,2.4,3969134.0,0.9080196146168131,2.256802120141343,2.00618001368271
59,2019-03-13,0.943658542,2.4,3971559.0,0.9078823430023298,2.247404844290658,2.0083036781315724
60,2019-03-20,0.941815789,2.41,3962748.0,0.9077789269548752,2.238200152529447,2.0104306175071893
61,2019-03-27,0.938087748,2.41,3955617.0,0.9077372129625386,2.229363893041023,2.0125479970366364
62,2019-04-03,0.940491301,2.41,3935509.0,0.9076598109079111,2.220874379223317,2.01475469193407
63,2019-04-10,0.941337249,2.41,3936784.0,0.9075720185996986,2.2127115937400195,2.016887521484108
64,2019-04-17,0.942110272,2.42,3931827.0,0.907475410160148,2.204684317718941,2.018995579438485
65,2019-04-24,0.938719348,2.44,3928273.0,0.9074315673248232,2.196617986164489,2.0210698238037645
66,2019-05-01,0.94109181,2.45,3889691.0,0.9073547046447258,2.18868351565447,2.0233633041718906
67,2019-05-08,0.941841118,2.39,3892216.0,0.9072694333633348,2.182006817844968,2.0255764042129485
68,2019-05-15,0.940269625,2.4,3864749.0,0.9072087229592414,2.1754041065967673,2.027922403100995
69,2019-05-22,0.942088677,2.38,3860435.0,0.9071245720584633,2.1693386773547094,2.030236441531348
70,2019-05-29,0.943737671,2.39,3851444.0,0.9070203047464226,2.1633241854901137,2.032551853794827
71,2019-06-05,0.932759292,2.38,3847645.0,0.907066672018097,2.1576579694096476,2.034833697697309
72,2019-06-12,0.908318627,2.37,3849955.0,0.9074363216715682,2.152321939261882,2.0370425109348274
73,2019-06-19,0.864048928,2.37,3844016.0,0.9083772237880751,2.147155397708236,2.0392354632852667
74,2019-06-26,0.887911665,2.38,3826817.0,0.9089852170491471,2.142009102301959,2.041486810490944
75,2019-07-03,0.922559283,2.41,3813198.0,0.9091340372726928,2.136605635631736,2.0437716724636075
76,2019-07-10,0.921301789,2.41,3815038.0,0.9092949400654732,2.1313686632998783,2.0459903515645914
77,2019-07-17,0.912945319,2.41,3808110.0,0.9095561356411488,2.126290606900025,2.0482005774159844
78,2019-07-24,0.912188808,2.4,3803436.0,0.9098201979582585,2.1214959067228976,2.0503886852824293
79,2019-07-31,0.916776006,2.4,3779102.0,0.9100218821668399,2.1168418479589346,2.0526772344676747
80,2019-08-07,0.923324148,2.12,3781543.0,0.9101398050077487,2.1158904440154442,2.0548992448868297
81,2019-08-14,0.907053725,2.12,3786018.0,0.9104485302239471,2.1149630688587084,2.057044556880187
82,2019-08-21,0.916872924,2.12,3764866.0,0.9106344727115991,2.1140588235294118,2.0592695185433194
83,2019-08-28,0.916924155,2.12,3759946.0,0.9108154654355889,2.113176853358122,2.0614754100015813
84,2019-09-04,0.911678365,2.13,3761508.0,0.911052589062148,2.1121951219512196,2.063624764609047
85,2019-09-11,0.923310594,2.13,3769673.0,0.9111520596090859,2.1112371017122125,2.0656808447516952
86,2019-09-18,0.930852206,2.25,3844695.0,0.9111645044541249,2.108884285954207,2.0672603556572438
87,2019-09-25,0.939591318,1.9,3857715.0,0.9110795810199351,2.110674126184014,2.068731873109318
88,2019-10-02,0.945825007,1.85,3945831.0,0.9109281321312972,2.113005812040794,2.069673723099737
89,2019-10-09,0.944330516,1.82,3949955.0,0.9107963191979352,2.1156351791530947,2.070572380590094
90,2019-10-16,0.945411067,1.9,3966471.0,0.9106558435634826,2.117302525523912,2.07136050574739
91,2019-10-23,0.944683822,1.85,3968700.0,0.9105261813394124,2.1194998669859006,2.0721198504913962
92,2019-10-30,0.945692817,1.82,4019823.0,0.9103887537502618,2.121989777098593,2.0725858051161556
93,2019-11-06,0.945522765,1.55,4039443.0,0.9102560555095136,2.1274304829604853,2.072936618107746
94,2019-11-13,0.946322718,1.55,4047882.0,0.9101179744287502,2.1327837403432364,2.073235278263004
95,2019-11-20,0.944589031,1.55,4030249.0,0.9100004217154651,2.138051640777698,2.0736206313264227
96,2019-11-27,0.948489123,1.55,4052875.0,0.9098461236706611,2.1432362096239217,2.073880246359359
97,2019-12-04,0.946763471,1.55,4065696.0,0.9097121861501102,2.1483394086674767,2.074068471949246
98,2019-12-11,0.947391113,1.55,4095491.0,0.9095748158065416,2.1533631385944645,2.07410073278104
99,2019-12-18,0.942025407,1.55,4137052.0,0.909492498264638,2.1583092413518092,2.073922205569572
100,2020-01-08,0.94744845,1.55,4149544.0,0.9093595338714576,2.1631795023989713,2.0736847245476704
101,2020-01-15,0.951207533,1.54,4175850.0,0.9091933367571791,2.16808207746306,2.073321631039626
102,2020-01-22,0.948356707,1.55,4145912.0,0.9090573606440797,2.172805222644451,2.073112537090771
103,2020-01-29,0.948851014,1.55,4151630.0,0.9089194148440748,2.177457569750012,2.0728797357399507
104,2020-02-05,0.95169057,1.59,4166707.0,0.9087578356587287,2.1816218809980805,2.0725789150484264
105,2020-02-12,0.957070405,1.58,4182689.0,0.9085500212712364,2.1858272216401566,2.072207750715671
106,2020-02-19,0.96024482,1.59,4171570.0,0.9083173578675903,2.189866238124498,2.0718960867121794
107,2020-02-26,0.952240842,1.58,4158637.0,0.9081610945293674,2.193947923997185,2.0716506938474484
108,2020-03-04,0.915525899,1.09,4241507.0,0.9083349135333075,2.202996639283047,2.0710264847730624
109,2020-03-11,0.913363272,1.09,4311911.0,0.9085247471429623,2.2119537454140157,2.070091547729911
110,2020-03-18,0.903564848,0.25,4668212.0,0.9087970871273667,2.229473977177846,2.0675601012754434
111,2020-03-25,0.916359239,0.1,5254278.0,0.9089535624604645,2.2485163204747773,2.0624601721339593
112,2020-04-01,0.890498651,0.06,5811607.0,0.9093301174747838,2.2679614350607213,2.055023701030439
113,2020-04-08,0.899658102,0.05,6083141.0,0.9096220748600566,2.2875017378006395,2.0465963650711947
114,2020-04-15,0.895516914,0.05,6367887.0,0.9099442491060428,2.3070329873980726,2.037174067310269
115,2020-04-22,0.902777799,0.05,6573136.0,0.9102000184479001,2.3265551901431287,2.027143348746293
116,2020-04-29,0.906124259,0.04,6655929.0,0.9104236360291678,2.346177001806141,2.017041429189535
117,2020-05-06,0.895361679,0.05,6721420.0,0.9107326517459445,2.365682007593296,2.006945584874388
118,2020-05-13,0.840509382,0.05,6934227.0,0.9114874396259255,2.3851779845391845,1.9962794258889929
119,2020-05-20,0.86536421,0.05,7037258.0,0.9120279348543379,2.4046649389115142,1.9855030771071602
120,2020-05-27,0.879346079,0.05,7097316.0,0.9124468137466674,2.4241428769721924,1.974790176738671
121,2020-06-03,0.891777089,0.06,7165217.0,0.9127592200281449,2.443498774226375,1.9641126692926005
122,2020-06-10,0.887772272,0.08,7168936.0,0.9130987229271889,2.4626161742266612,1.9537072816292673
123,2020-06-17,0.882196151,0.09,7094690.0,0.9134771837910216,2.481604732852653,1.943842660734537
124,2020-06-24,0.882930033,0.08,7082302.0,0.9138441216655773,2.500693032711144,1.9342762147968977
125,2020-07-01,0.886108221,0.08,7009040.0,0.9141806976137234,2.5197672270460005,1.925206388599489
126,2020-07-08,0.896395402,0.09,6920716.0,0.9144324441943916,2.5387101241863257,1.916662332589414
127,2020-07-15,0.902960069,0.1,6958604.0,0.9146298649911679,2.5575192653776937,1.9081988261500322
128,2020-07-22,0.911740794,0.09,6964755.0,0.9147572277954834,2.576429889298893,1.8999190053259254
129,2020-07-29,0.91022109,0.1,6949032.0,0.9148941887908202,2.595205163669894,1.8918873545874708
130,2020-08-05,0.915147032,0.1,6945237.0,0.9149920237691225,2.613963133640553,1.8840564948830045
131,2020-08-12,0.930742027,0.1,6957277.0,0.9149719053730214,2.632703823122985,1.8763696395862663
132,2020-08-19,0.927509734,0.09,7010637.0,0.9149760499542581,2.651549334683917,1.8686947517414056
133,2020-08-26,0.929275609,0.09,6990418.0,0.9149671404628777,2.670379234167894,1.8612569949621027
134,2020-09-02,0.932467068,0.09,7017492.0,0.9149350575949722,2.6891935409670147,1.8539060749482688
135,2020-09-09,0.932076563,0.09,7010614.0,0.9149062791591382,2.7079922744412763,1.8467400996749344
136,2020-09-16,0.934846036,0.09,7064475.0,0.9148579972907336,2.7267754539186395,1.8395763253429591
137,2020-09-23,0.936207826,0.09,7093161.0,0.9148006948969027,2.745543098695093,1.8324884899872886
138,2020-09-30,0.934697186,0.09,7056129.0,0.9147549333604911,2.7642952280347224,1.8256602518039537
139,2020-10-07,0.928312028,0.09,7074649.0,0.9147547711395542,2.7830318611697735,1.8189277325650042
140,2020-10-14,0.926231557,0.09,7151426.0,0.9147691514309235,2.8017530173007206,1.812128933136984
141,2020-10-21,0.933125843,0.09,7177265.0,0.914735485704629,2.8204587155963305,1.8054057455313581
142,2020-10-28,0.933184652,0.09,7146306.0,0.9147018880447253,2.8391489751937273,1.7989076037243508
143,2020-11-04,0.933771946,0.09,7157479.0,0.9146647412417671,2.8578238151984596,1.7925160539641207
144,2020-11-18,0.941141241,0.09,7243080.0,0.9145780446388938,2.876483254684565,1.7860356072178796
145,2020-11-25,0.928894084,0.08,7216480.0,0.9145751734444127,2.895259903824136,1.7797575016087581
146,2020-12-02,0.931495811,0.09,7222414.0,0.914554907843693,2.913889397546237,1.773592976758688
147,2020-12-09,0.939961386,0.09,7242658.0,0.91447858168126,2.932503546423832,1.7675032253963836
148,2020-12-16,0.928255734,0.09,7362592.0,0.9144806555834313,2.951102369408105,1.7612425174660715
149,2020-12-23,0.926462717,0.09,7404039.0,0.9144944741550449,2.969685885419048,1.7550085604905705
150,2020-12-30,0.915402796,0.09,7363351.0,0.9145802534915558,2.988254113345521,1.7489971619618851
151,2021-01-06,0.904512934,0.09,7334809.0,0.9147355107772724,3.0068070720453197,1.7431721636206214
152,2021-01-13,0.934171293,0.09,7333968.0,0.9146977549364167,3.0253447803452373,1.7374631774726834
153,2021-01-20,0.934910012,0.09,7414942.0,0.9146557665474788,3.0438672570411285,1.7316795284299191
154,2021-01-27,0.938411907,0.08,7404926.0,0.9145920676332725,3.0625142596395163,1.7260307749792954
155,2021-02-03,0.932906677,0.08,7410598.0,0.9145639536574351,3.08114765314966,1.7204778216058465
156,2021-02-10,0.929771772,0.08,7442225.0,0.9145558669606578,3.099767452464548,1.7149609010136715
157,2021-02-17,0.928744534,0.08,7557402.0,0.9145542866295482,3.1183736724554447,1.7092980319807431
158,2021-02-24,0.924391049,0.07,7590111.0,0.9145796962647957,3.1371092682037727,1.7036727822492348
159,2021-03-03,0.916413821,0.07,7557524.0,0.9146539069478471,3.1558329157746097,1.6982231037214275
160,2021-03-10,0.907514634,0.07,7579901.0,0.9147816760971688,3.174544626593807,1.692828414728416
161,2021-03-17,0.89583273,0.07,7693506.0,0.9149789913620576,3.1932444120726546,1.6872991553486587
162,2021-03-24,0.903244004,0.07,7719622.0,0.9151291252618241,3.2119322836079003,1.6818198124991983
163,2021-03-31,0.894831164,0.06,7688988.0,0.9153280871121792,3.230755232029117,1.6765038280007567
164,2021-04-07,0.889020376,0.07,7708882.0,0.9155594854716675,3.2494201118842954,1.67124558949639
165,2021-04-14,0.893359457,0.07,7793104.0,0.9157623953764874,3.2680731108484133,1.665917466552875
166,2021-04-21,0.899173184,0.07,7820948.0,0.915928569014562,3.286714240261807,1.6606323663775857
167,2021-04-28,0.900626131,0.07,7780962.0,0.916084276370099,3.3053435114503817,1.6555196926513611
168,2021-05-05,0.905159427,0.06,7810486.0,0.9162116748732148,3.3241119287725995,1.6504424169748735
169,2021-05-12,0.897906853,0.06,7830663.0,0.9163797971313048,3.342870118074478,1.6454176047051208
170,2021-05-19,0.897965203,0.06,7922883.0,0.9165456761088375,3.3616180877145196,1.6403109535930498
171,2021-05-26,0.904619735,0.06,7903541.0,0.9166713986978756,3.3803558460421206,1.635330082675142
172,2021-06-02,0.911347257,0.06,7935703.0,0.9167572117407702,3.399083401397586,1.63037834323055
173,2021-06-09,0.912960443,0.06,7952327.0,0.9168328765593562,3.4178007621121393,1.6254832318657473
174,2021-06-16,0.910452299,0.06,8064257.0,0.9169218789808147,3.4365079365079367,1.6204754258712715
175,2021-06-23,0.87547182,0.1,8101945.0,0.9172067510375412,3.454578422484134,1.6154890740915064
176,2021-06-30,0.876387729,0.08,8078544.0,0.9174834485985205,3.4729472539423596,1.61062945535567
177,2021-07-07,0.883885841,0.1,8097773.0,0.9177154202961293,3.4909865024005797,1.6058203550472683
178,2021-07-14,0.879114412,0.1,8201651.0,0.9179713671808954,3.509009416877943,1.6009182966504942
179,2021-07-21,0.886963795,0.1,8240530.0,0.9181813141795495,3.5270160195492806,1.5960353723161886
180,2021-07-28,0.888594808,0.1,8221473.0,0.9183800854398809,3.545006332549303,1.591266946395665
181,2021-08-04,0.890331016,0.1,8235073.0,0.9185672779291433,3.562980377972692,1.5865567533265068
182,2021-08-11,0.885085195,0.1,8257159.0,0.9187809957474248,3.5809381778741867,1.5818898867201023
183,2021-08-18,0.897833291,0.09,8342598.0,0.9189235865480373,3.5990423273252925,1.577164899101752
184,2021-08-25,0.898228758,0.09,8332743.0,0.9190625529928983,3.617131761943466,1.572534164895297
185,2021-09-01,0.898314067,0.08,8349173.0,0.9191996101701063,3.6353705877042524,1.567954374713786
186,2021-09-08,0.898342718,0.08,8357314.0,0.919335089229692,3.653596245826189,1.5634372320099434
187,2021-09-15,0.899050657,0.08,8448770.0,0.9194654172675701,3.6718087505638253,1.5588547191845512
188,2021-09-22,0.895565392,0.08,8489824.0,0.9196127673936646,3.6900081161511404,1.5542853761394315
189,2021-09-29,0.896868701,0.08,8447981.0,0.9197517793453317,3.7081943568015863,1.549852598839561
190,2021-10-06,0.900367478,0.08,8464032.0,0.9198711230716682,3.7263674867081193,1.5454674628349725
191,2021-10-13,0.895423476,0.08,8480942.0,0.9200149206524121,3.744527520043239,1.5411277769691354
192,2021-10-20,0.864112783,0.08,8564943.0,0.9203190609629738,3.7626744709590274,1.5367361633421508
193,2021-10-27,0.836834197,0.08,8556181.0,0.9207606290560416,3.7808083535871817,1.5324268647607602
194,2021-11-03,0.823004152,0.08,8574871.0,0.9212689684148054,3.7989291820390534,1.5281591858650285
195,2021-11-10,0.810016722,0.08,8663117.0,0.9218389804751214,3.8170369704056846,1.5238354980395634
196,2021-11-17,0.81176345,0.08,8674970.0,0.9223950166799257,3.835131732757846,1.519563402557974
197,2021-11-24,0.810273501,0.08,8681771.0,0.9229536461447662,3.853213483146068,1.5153487150931042
198,2021-12-01,0.811429501,0.08,8650402.0,0.9235014937406941,3.8712822356006833,1.5112416678527492
199,2021-12-08,0.834001669,0.08,8664524.0,0.9239310321446212,3.8893380041318606,1.5071787082510562
200,2021-12-15,0.838436053,0.08,8756666.0,0.9243344921311702,3.9073808027296395,1.5030558961382365
201,2021-12-22,0.837713111,0.08,8790495.0,0.9247379088868727,3.9254106453639714,1.4989518344534047
202,2021-12-29,0.833537327,0.08,8757460.0,0.9251584318772134,3.9434275459847465,1.4949529779804733
203,2022-01-05,0.835550437,0.08,8765721.0,0.9255652535049917,3.9614315185218407,1.4910037119758406
204,2022-01-12,0.84047282,0.08,8788278.0,0.9259442142844233,3.979422576885143,1.487084880366576
205,2022-01-19,0.844841479,0.08,8867834.0,0.9262983726298174,3.997400734964596,1.483124483744105
206,2022-01-26,0.860492227,0.08,8860485.0,0.9265729272564858,4.01536600663023,1.4792322182521327
207,2022-02-02,0.851985128,0.08,8873211.0,0.9268863798561218,4.0333184057321985,1.4753818072955986
208,2022-02-09,0.856442058,0.08,8878009.0,0.9271754528727225,4.051257946100815,1.4715821061607632
209,2022-02-16,0.850627501,0.08,8911033.0,0.9274899994377043,4.0691846415465855,1.4677980113188143
210,2022-02-23,0.851390014,0.08,8928129.0,0.9277981115759589,4.087098505860249,1.4640485071805303
211,2022-03-02,0.856948283,0.08,8904455.0,0.9280769241204657,4.104999552812807,1.460381207898852
212,2022-03-09,0.867668597,0.08,8910748.0,0.9283022049491382,4.122887796155566,1.4567590431847954
213,2022-03-16,0.882601808,0.08,8954306.0,0.9284546437396572,4.1407632496201625,1.4531378814957265
214,2022-03-23,0.867197332,0.33,8962474.0,0.9286784779854478,4.153986881442149,1.449558730466889
215,2022-03-30,0.843564453,0.33,8937142.0,0.9290115360011174,4.1671716271609345,1.4460588902872145
216,2022-04-06,0.844890875,0.33,8937592.0,0.9293355430258088,4.180317658050451,1.4426074268666589
217,2022-04-13,0.855542033,0.33,8965487.0,0.9296070755294937,4.193425144380276,1.4391726863295116
218,2022-04-20,0.860851787,0.33,8955851.0,0.9298515971058166,4.206494255422969,1.4357960696186365
219,2022-04-27,0.862239457,0.33,8939199.0,0.9300875968935307,4.219525159461376,1.4324839989191664
220,2022-05-04,0.8660244,0.33,8939972.0,0.9303041234448648,4.2325180237958335,1.4292161011730593
221,2022-05-11,0.86490706,0.83,8942008.0,0.930523930910666,4.236118455843469,1.4259901277711908
222,2022-05-18,0.85469257,0.83,8945898.0,0.930788600413114,4.239692645444566,1.4228032717090076
223,2022-05-25,0.856491204,0.83,8914281.0,0.9310428584799308,4.243240878467057,1.4196923316107013
224,2022-06-01,0.861184482,0.83,8915050.0,0.9312736891199515,4.24676343664182,1.4166216322744347
225,2022-06-08,0.869252183,0.83,8918254.0,0.9314661142072467,4.250260597637248,1.4135878569446192
226,2022-06-15,0.86857148,0.83,8932420.0,0.9316599875968725,4.253732635132211,1.4105790109178125
227,2022-06-22,0.867303454,1.58,8934346.0,0.931857927252464,4.2434558349451965,1.4076072050078865
228,2022-06-29,0.866747746,1.58,8913553.0,0.9320567038042863,4.233317679204202,1.404694745551725
229,2022-07-06,0.869567291,1.58,8891851.0,0.9322412889907126,4.223315381027098,1.4018412783719054
230,2022-07-13,0.885888641,1.58,8895867.0,0.9323520130194594,4.213446227726526,1.3990199366147076
231,2022-07-20,0.890815747,1.58,8899213.0,0.9324400630692772,4.2037075783571165,1.396230799591806
232,2022-07-27,0.893984284,1.58,8890004.0,0.9325134475763561,4.194096861359385,1.3934855813914815
233,2022-08-03,0.890124288,2.33,8874620.0,0.9326031116857757,4.171689723320158,1.3907894106107976
234,2022-08-10,0.885912849,2.33,8879138.0,0.9327103891761266,4.149708413196851,1.3881221122590677
235,2022-08-17,0.880552114,2.33,8849762.0,0.9328400589543236,4.128140906520159,1.3855155865431412
236,2022-08-24,0.882933195,2.33,8851436.0,0.9329583717379556,4.10697562732621,1.3829391161617426
237,2022-08-31,0.885065202,2.33,8826093.0,0.9330665354830978,4.0862014274385405,1.380417591640165
238,2022-09-07,0.882666954,2.33,8822401.0,0.9331841094002286,4.065807566887989,1.3779296789044606
239,2022-09-14,0.879198403,2.33,8832759.0,0.9333155579462397,4.045783695398271,1.3754617413851646
240,2022-09-21,0.877556042,2.33,8816802.0,0.9334529449155111,4.0261198348701726,1.3730376720705015
241,2022-09-28,0.880874838,3.08,8795567.0,0.9335751603081249,3.995348305181683,1.370661437518058
242,2022-10-05,0.881237515,3.08,8759053.0,0.9336948691516926,3.965291124929338,1.3683459402321818
243,2022-10-12,0.880101077,3.08,8758969.0,0.9338184099946241,3.9359237045039674,1.3660572123668115
244,2022-10-19,0.877782136,3.08,8743922.0,0.9339506971625875,3.907222570071084,1.363808145605205
245,2022-10-26,0.870931559,3.08,8723090.0,0.9341105604330356,3.8791653009942095,1.361603121731806
246,2022-11-02,0.864280433,3.08,8676870.0,0.9342968634073568,3.851730471422912,1.3594636345368547
247,2022-11-09,0.86434577,3.83,8678886.0,0.9344814664379567,3.814706927175844,1.357346272927669
248,2022-11-16,0.862005274,3.83,8625620.0,0.9346743290289518,3.7786773209967413,1.3552986102134061
249,2022-11-23,0.859568573,3.83,8621390.0,0.9348757591568149,3.7436021579748235,1.3532770661457891
250,2022-11-30,0.862137475,3.83,8584576.0,0.9350651316717429,3.709444008327929,1.3513090603178022
251,2022-12-07,0.858349611,3.83,8582735.0,0.935268560634061,3.676167374166161,1.349363884979023
252,2022-12-14,0.853058632,3.83,8583413.0,0.9354920214525476,3.6437385664393815,1.3474390405495764
253,2022-12-21,0.849278745,4.33,8564411.0,0.9357291727016736,3.606203685487573,1.3455506922344012
254,2022-12-28,0.848330316,4.33,8551169.0,0.9359684198463522,3.569719698684168,1.3436933986894344
255,2023-01-04,0.849156925,4.33,8507429.0,0.9362025859827756,3.534243081239638,1.3418918386632477
